ACC BLCA BRCA CESC CHOL COAD ESCA GBM HNSC KICH KIRC KIRP LGG LIHC LUAD LUSC MESO OV PAAD PCPG PRAD READ SARC SKCM STAD TGCT THCA UCEC UCS UVM
X.5Z..7.Oxozeaenol 1 1 1 0.0103226890585751 1 1 1 1 2.18102509707131e-06 1 1 1 1 1 1 1 1 1 1 1 1 1 2.57312550856142e-14 0 1 0.341615065849239 1 1 1 1.082166415326e-58
X5.Fluorouracil 1 1 0.209640328642587 2.1917837471286e-17 1 8.64761599136852e-08 1 4.69671789266609e-16 0.177170400043151 1 1 1 0.211320026050218 0.00022803659940459 1 0.00590180610629254 1 0.893373295496982 1 1 1 1 1 0.112214524415047 1 5.6064234691784e-57 1 6.28767246949114e-12 0.0228611022719651 1
A.443654 1 8.93714940959244e-100 3.24109509605112e-10 1.07656816654915e-93 1 1 0.732247470823069 1 8.52840784504296e-16 1 1 1 1 1 1 2.45185966859847e-06 1 0.687471553601534 1 1 1 1 1 1 1 1 1 1 1 1
A.770041 1 0.0482918499946641 1.44568404997486e-16 0.00306158678368067 1 1 0.60669316702426 1 1.09079092436377e-11 1 1 1 1 1 2.08964639908292e-12 5.58585213096553e-22 1 0.78901681937033 1 1 1 1 1 1 1 1 8.0100531275939e-130 1 1 1
Afatinib 1 0.643187659331714 1 5.63043494986752e-27 1 1 1.05065130146011e-10 1 1.11203908361917e-181 1 1 1 1 1 1 1.71860531724524e-31 1 1 1 1 1 1 1 1 1 1 1 1 1 1
AICA.Ribonucleotide 1 7.50276691472235e-09 2.40204759330571e-11 5.10430775156611e-107 1 1 0.306647563000153 1 2.13539911975729e-113 1 1 1 1 1 1 1.34524855683596e-06 1 1 1 1 1 1 1 1 1 0.568088054109521 1 1 1 1
AKT.inhibitor.VIII 1 1 0 0.687217237536581 1 1 1 1 1 1 1 1 1 1 4.06404383789398e-05 1 1 1 1 1 1 1 1 1 1 1.39186414406588e-06 1 0.222123510819405 1 1
Alectinib 1 0.643187659331714 0.00145826456837244 1.50945819868935e-34 1 1 1 0.575456031253298 1.64162911448352e-05 1 1 1 1 0.00022803659940459 0.755396762647805 5.40769701966079e-05 1 1.43223344303862e-07 1 1 1 1 5.96344015568642e-09 0.000900581307790611 1 1.85532022422594e-75 1 0.481792113074837 0.0228611022719651 1
Amuvatinib 1 0.00228198724044337 0.032066337212056 0.00306158678368067 1 0.489057527613153 1 1 1 1 1 1 0.468434232007098 1.28942098058559e-21 0.0219047935368601 0.000672860315145899 1 0.0804548377785088 1 0.386837523492841 0.460104252908968 1 1 6.76090259912457e-11 1 2.58057898557944e-86 1 3.03483167238006e-11 1 1
AR.42 0.598057708403256 0.00509037190626407 4.90441718039762e-12 1 1 1 1 0.258415462697688 1 1 1 1 5.6368941067962e-06 1 0.0219047935368601 0.00820885172614636 6.14587582276701e-32 4.91594826774097e-09 1 0.0534666454930708 1 1 1.91075670019453e-21 4.86008793691563e-07 0.00169670293554273 3.79878572419965e-96 1 0.0789357690231947 0.0642781935433018 1
AS601245 1 0.000171325165437477 0.160721142138824 2.03015677963441e-29 1 1 0.120442313055646 1 3.23630659018706e-30 1 1 1 1 0.329783240974126 0.000152039289054112 2.45185966859847e-06 0.0407100627099086 0.107642264353925 1 1 1 1 0.000388079751188232 0.221617576408802 1 1.70753829646024e-05 1 6.29210598286891e-10 1 1
AS605240 1 1 1.30634713497368e-19 0.00306158678368067 1 1 1 1 1 1 1 1 1 1 0.00243272853333021 1 1 1.43223344303862e-07 1 1 1 1 1 6.59214686669215e-207 0.817426474531032 5.6064234691784e-57 1 0.00813795808189773 1 5.90040389360855e-57
AT.7519 1 0.199582975764142 0.0024333069886686 2.03015677963441e-29 1 1 0.227611650421365 1 1.36753061297563e-52 1 1 1 1 1 0.676883972365376 4.41994061305519e-07 5.29498329556806e-06 1 1 1 1 1 0.0194226011178323 0.019642060968433 4.231440256089e-05 1.20205086853144e-40 8.69424235928905e-07 1 1 1
Avagacestat 1 3.44004805846377e-06 1 4.02331895967315e-10 1 1 1.05065130146011e-10 1 3.04642634406057e-137 1 1 1 1 1 1 9.34800901091029e-37 1 1 1 1 1 1 1 0.00312361828567548 1 2.31047841629612e-10 1 1 1 1
Axitinib 1 1 1 1 1 1 1 0.0133395624755952 1 1 1 1 2.33936930875104e-13 1.13087931507888e-190 1 1 0.451042015439041 1 1 1 1 1 5.31996859461e-49 0.00312361828567548 1 8.31630655634481e-21 1 1 0.00192428426697923 1
AZ628 1.26099453821637e-21 5.97129298176716e-05 1.30634713497368e-19 1 1 0.0183642502223345 0.60669316702426 1 1 1 1 1 1 0.0378264893791292 1 1 1 1 1 1 1 1 6.30277300818034e-07 9.55522959056971e-321 0.0208807741807118 1 1 1 1 5.35310028027589e-41
AZD6482 1 0.244811360583826 3.42322959148097e-17 1 1 1 1 1 0.406988132232025 1 0.00196363285103065 3.17901040588285e-06 1 1.07182658281603e-29 1 1 0.000359482420664062 1 1 1 1 1 3.92876769360909e-51 0.391578665832611 1 1 1 1 1 1
AZD7762 1 0.129749033612065 2.69681766899682e-13 1 1 1 1 1 2.18102509707131e-06 1 5.02584395618237e-06 1 1 0.0678486875556899 0.076131061221492 0.000466245127615837 6.81001051311835e-09 3.27699103467418e-06 1 1 1 1 3.78776676479364e-61 9.65742352842603e-31 1 2.5318627382998e-58 1 1 0.0228611022719651 1
AZD8055 0.0603156578239249 0.000678481840872221 0.55491661147179 0.0305800487966977 1 1 1 0.00101078825773262 0.00247732613240744 1 1.06793928112743e-06 1 0.0121919034129043 1.30970033667655e-89 1 0.833151732914157 1 1 1 1 1 1 0.00199717356368648 1.31131390821684e-42 1 0.000168590502331933 1 1 1 0.121030370424144
BAY.61.3606 1 0.00696719456162081 4.90441718039762e-12 1.41873378822063e-08 1 1 0.389870219068331 1 0.0291237764207242 1 3.05454115227876e-07 1 1 0.714866719264392 0.00243272853333021 0.207172416603339 0.0407100627099086 0.00305850211389887 1 1 1 1 7.21045946827592e-46 0.3291268284114 1 1.59737877283271e-115 1 0.290671348982448 3.39504566881882e-06 1
Belinostat 1 0.0482918499946641 2.82293234606565e-07 0.687217237536581 1 1 1 0.00210485127650294 0.00495325000757623 1 1 1 3.17960371873777e-81 1 1 0.00420035804460467 6.81001051311835e-09 9.91306430435896e-12 1 1 1 1 0.00199717356368648 0.713552330350205 1 2.51881947424595e-54 1 0.385757586550673 1 1
Bexarotene 1 0.559921978564493 3.49523818754899e-08 0.107539015345264 1 1 1 1 0.0622092290722538 1 0.837698770527999 1 1 0.903071729125459 4.06404383789398e-05 0.00420035804460467 3.09801693199286e-12 1 1 1 1 1 3.52828268499574e-115 7.04989651132497e-27 1 7.95443640641074e-42 1 0.481792113074837 1 1
BI.2536 1 1.19569406461636e-15 1 1.68264888084782e-122 1 1 0.120442313055646 1 1.64274046727791e-29 1 1 1 1 1 1 6.25154821870584e-19 1 0.181816740197351 1 1 1 1 1 1 1 0.0902730144775148 1 0.0210342619195963 1.04109405147088e-08 1
Bicalutamide 1 0.0101907096576828 1 7.54307306214651e-24 1 1 0.120442313055646 1 2.12282995748113e-42 1 1 1 1 0.00318990880324631 1 8.37884053913905e-91 1 1 1 1 1 1 0.470425833268234 0.019642060968433 1 1.23486128777538e-15 1 1 1 1
BIX02189 1 0.102188030285871 8.92535817490569e-07 0.687217237536581 1 1 1 1 0.00247732613240744 1 1.99394614389186e-07 0.584459847449511 1 0.329783240974126 0.118151645028035 0.399727947121206 1.11364308918101e-06 1 1 1 1 1 1.19651733228827e-15 1.61310149434289e-22 1 4.95262405706435e-80 4.44385223945109e-06 0.481792113074837 1 1
Bleomycin 1 9.57915662590771e-05 1.06162783068364e-15 2.15246494749529e-25 1 1.7807701749054e-56 0.0375852785377065 1 0.1191706760207 1 1 1 1 1 0.000152039289054112 0.00307463387082262 1 5.40753772924588e-07 1 1 1 1.90618366072075e-11 1 0.0270639343377658 0.817426474531032 0.000168590502331933 1 6.29210598286891e-10 1 1
Bleomycin..50.uM. 1 3.44004805846377e-06 1 1.20606319737476e-06 1 1 1.2313245823855e-19 1 1.41188757095333e-161 1 1 1 1 1 1 3.24336915665083e-25 1 1 1 1 1 1 0.885575668804758 0.000328351015906508 1 1 1 1 1 1
BMS.345541 1 0.353018933643968 0.038884114737082 1.35213559227178e-28 1 1 0.863921991597068 1 0.300105267412855 1 0.00141282055454185 1 0.677116982748634 1 0.000152039289054112 0.0198517416936935 1 0.347032310893338 1 1 1 1 1 7.04989651132497e-27 0.000185030065491694 1.54687959195881e-89 1 0.385757586550673 1 1
BMS.509744 1 1 1.44568404997486e-16 1 1 1 1 1 1 1 1 1 8.22827620356982e-22 1 3.20123545058905e-06 4.36250797983129e-06 1 1 0.48421459794742 1 1 1 0.042164492395462 4.80624227625802e-310 0.105634757141734 0.849104040915827 0.000494917421423428 1 1 0.295628810909397
BMS.536924 1 0.00025716080498156 1 1 1 2.67397923854031e-13 3.65269817931902e-14 1 1.06465005113699e-13 1 1 1 1 0.000907408499584217 3.20123545058905e-06 1.96007472249148e-54 1 1 1 1 1 0.052997481685273 1 1 6.10193013325065e-69 5.51788933649951e-05 1 1 1 1
BMS.754807 1 1 1 1 0.0322250931300643 3.48146891306545e-103 0.00569543143706964 1 1 1 1 1 1 0.62681920435466 0.0121591211789203 1 1 1 1.5364852383709e-26 1 1 7.5225620567814e-54 0.10918236398901 0.000900581307790611 1.55689922206411e-39 2.21631294996968e-08 1 1 1.42415855418312e-10 1
Bortezomib 7.32091114988946e-09 1 1 1 1 1 1 5.5696242382864e-30 1 1 1 0.584459847449511 0.755828637221433 3.36869898595442e-15 1 1 0.451042015439041 1 1 1 1 1 0.383667927627521 4.45329048235828e-237 1 1 1 1 1 4.55138570608234e-14
Bosutinib 1 7.50276691472235e-09 2.06316749538771e-18 1.14871804843275e-64 1 1 0.306647563000153 1 3.04642634406057e-137 1 1 1 1 1 1 1.57316750084771e-15 1 1 1 1 1 1 1 1 1 0.0118754319899405 1 1 1 1
Bryostatin.1 0.000515728835795017 4.68587884999837e-18 3.67002890024714e-09 1.00364962451681e-05 1 1 0.00569543143706964 1 1.64274046727791e-29 1 1 0.00573193500479986 1 3.11584103743307e-120 1 0.0198517416936935 1 1 1 1 1 1 1 0.00312361828567548 1 1 1 1 1 1
BX.912 1 1 1 1 1 1 1 0.000238485080969375 1 1 0.00389786562233462 1 4.10477595684267e-218 1 1 4.36250797983129e-06 0.080319816351195 1 1 0.863478486983735 1 1 8.44233251638449e-12 0.626656791217476 0.000496828409135572 2.50867421804794e-38 1 1 1 1
BX795 0.000515728835795017 0.00509037190626407 1 1 1 1 1 6.05112245193131e-07 6.87081068557182e-10 1 1 1 0.00243636845686766 1 1 0.00307463387082262 1 1 1 1 1 1 3.35184222374691e-143 1 1 5.81989910335915e-125 1 1 1 1
Cabozantinib 0.291276571237512 0.0808085576066483 2.06316749538771e-18 0.3464401070874 1 1 0.0582134606872374 0.0368932919727909 0.1191706760207 1 0.0813844698056356 1 0.0121919034129043 0.0199504465362092 0.00243272853333021 0.000466245127615837 1.09107507913976e-09 1.28760463628839e-06 0.605150028004581 1 1 1 1.87516386456652e-88 0.0674330470615742 0.00385377921228133 8.84415121466735e-12 1 0.222123510819405 0.0642781935433018 1
CAY10603 1 1 4.22332778375814e-06 1 1 1 1 6.30089597204522e-13 1 1 1 1 1.01546234383584e-219 1 3.20123545058905e-06 0.000202561367576835 1 0.0103646186889445 1 1 1 1 1 0.00312361828567548 0.000496828409135572 5.71439064265608e-77 1 1 0.208447673544305 1
CCT.018159 1 0.0015531368682536 4.90441718039762e-12 1.35859742480663e-09 1 1 9.85001223673334e-13 1 1.36880536570481e-41 1 1 1 1 1 6.16832147059255e-07 3.68339163148799e-83 1 1 1 1 1 1 0.191251245355681 0.807995735054723 1 1.62423449384839e-12 1 1 1 1
CCT007093 1 0.0193092577136147 0.605987962002729 0.0148160273726528 1 1 1.43001181433412e-06 1 5.22174173022337e-58 1 1 1 1 0.181446645332101 3.20123545058905e-06 9.86257357770119e-74 0.00124349989275412 1 1 1 1 1 0.042164492395462 1 1 1 1 1 1 1
Cetuximab 1 0.353018933643968 1 0.0226189198092572 1 1 4.84725983186904e-12 1 6.32473182229403e-280 1 1 1 1 1 1 2.98346898253116e-23 1 1 1 1 1 1 1 1 0.000185030065491694 1 1 1 1 1
CGP.082996 1 0.726560335192625 1 6.01011168591947e-13 1 1 0.732247470823069 1 6.48057795431864e-06 1 1 1 1 1 1 0.598368285006062 1 0.422744109188817 1 1 1 1 0.0134970861814487 3.74301048521926e-185 1 1 1.21359867744567e-08 1 1 1
CGP.60474 1 0.00696719456162081 1.16933159116727e-05 8.02318528246327e-43 1 1 0.389870219068331 1 0.00119828864646972 1 1 1 1 1 1 0.00149717699598887 5.29498329556806e-06 4.07912524941699e-37 1 1 1 1 7.95614848156723e-41 2.19186431234399e-10 1 1 0.000204683489340617 0.222123510819405 0.208447673544305 1
CHIR.99021 1 1 1 1 1 1 1 1 1 1 3.52011881182553e-145 0.000318559100746026 1 1 1 1 9.54509137537332e-05 1.42699976562671e-47 1 1 1 1 1.85262542736349e-06 0.0270639343377658 1 1 0.675085310200823 0.861700841274659 1 1
CI.1040 1 0.244811360583826 1 1 1 1 1 1 0.00247732613240744 1 0.184251704904886 1 1 1 1 1 1 1 0.0819889919373773 1 1 1 1.7107422429977e-09 9.55522959056971e-321 0.133678750635525 1 1 1 1 5.39136320106404e-44
Cisplatin 1 0.00228198724044337 1 1 1 1 1 3.47928443994052e-140 1.01252440905825e-05 1 1 1 3.45470554513305e-181 1 1 1 1 1 1 1 1 1 0.00339241066414717 0.037618286104156 1 1.86065571513088e-16 1 1 1.93808890005098e-05 1
CMK 1 0.643187659331714 7.20306128811642e-15 1 1 1 0.00290836072116084 1 0.91763222058476 1 0.0138222497696232 1 1 1 0.253362224702543 0.0344653460092803 1.38900348436162e-24 0.0804548377785088 0.48421459794742 1 1 1 3.35184222374691e-143 0.019642060968433 1.96890517182871e-09 1 1 0.000603073471547627 1.4740895717533e-11 1
CP466722 1 0.0266713866350916 1 0.0305800487966977 1 1 1 1 1.01252440905825e-05 1 3.31915808356418e-05 0.492389059708007 1 1 0.00243272853333021 0.141257876469594 0.000359482420664062 1.35760576202491e-50 1 1 1 1 0.00199717356368648 0.037618286104156 1 5.30836412578498e-71 1 6.29210598286891e-10 1.93808890005098e-05 1
CP724714 1 0.102188030285871 2.76169315991733e-280 0.0305800487966977 1 1 1 1 1 1 1 1 1 1 6.16832147059255e-07 1 1 0.0227541930175328 1 1 0.168472543394524 1 1 1 1 1 1 1.65652391996886e-07 1 1
Crizotinib 1 0.486757319351957 7.20306128811642e-15 0.284367358634444 5.12430269985468e-05 6.11439432115276e-06 0.49433772586804 1 1 1 0.184251704904886 1 1 0.0199504465362092 0.000234032914046365 7.94852807130338e-05 1 9.91306430435896e-12 6.49831289107545e-14 1 1 0.144888948314102 8.44233251638449e-12 0.000900581307790611 4.98958071090758e-52 0.341615065849239 1 1 0.00192428426697923 1
CUDC.101 1 0.0808085576066483 0.038884114737082 1.89804370188261e-77 1 1 0.389870219068331 1 5.64514946474635e-21 1 1 1 1 0.000907408499584217 1 0.598368285006062 1 0.00305850211389887 1 1 1 1 0.0134970861814487 2.16514395530969e-25 1 3.77620606497192e-18 1 1 1 1
CX.5461 1 1 1 1 1 1 1 5.07381345463461e-64 1.01252440905825e-05 1 1 1 4.11144100750996e-241 1 1 4.36250797983129e-06 1 0.00305850211389887 1 1 1 1 1 0.0858975017966248 0.301306432563015 8.31630655634481e-21 1 1 1 1
Cyclopamine 1 0.162015300255546 0.104664187494688 1 1 0.0260223642229227 1 1 2.28027075170148e-07 1 6.80994438660926e-33 1 1 0.0678486875556899 0.0121591211789203 1.96165954725816e-05 0.451042015439041 0.0595343916963719 1 1 1 5.97683519320846e-05 5.2592351709602e-23 0.221617576408802 0.00169670293554273 1.70753829646024e-05 1 1 3.64750138282322e-18 1
Cytarabine 1 0.0352018578390209 1.80665733263093e-17 0.284367358634444 1 1 0.863921991597068 1 0.001812537237511 1 1 1 1 1 1 0.169819800271113 3.08887596523529e-33 6.81513263203588e-13 1 1 1 1 3.94798939926628e-91 0.00130695714961176 1 0.000168590502331933 1 0.0514537792457663 2.23556675334778e-19 1
Dabrafenib 1 1 1 1 1 1 1 1 1 1 3.05454115227876e-07 1 1 0.00022803659940459 1 1 1 1 1 1 1 1 1 0 1 1 1 1 1 1.62515067527645e-104
Dacinostat 1 8.520456697101e-12 0.0267700617541783 1.35213559227178e-28 1 0.890056004432422 1 1 0.604850622536863 1 1 1 1 0.714866719264392 4.06404383789398e-05 0.399727947121206 1 0.138930528679948 1 1 1 1 1 0.000216340587077036 1 1.85532022422594e-75 1 1.37911805586732e-15 1 1
Dactolisib 1 0.000979799060353581 2.06316749538771e-18 0.788478222046226 1 1 0.389870219068331 1 1.64274046727791e-29 1 0.100490351196089 1.2897054885474e-08 1 2.09762355890579e-06 1 5.76818619797598e-11 1 1 1 1 1 1 3.4666546184833e-19 7.49270006327956e-06 0.0107432584609334 0.568088054109521 1 1 1 1
Daporinad 1 1 1 0.687217237536581 1 1 1 2.72947045136013e-53 0.00247732613240744 1 1 1 0 1 1 1 1 1 1 1 1 1 1 1 1 1.23486128777538e-15 1 1 1 1
Dasatinib 1 2.71747333257427e-10 1 0.591689439437503 1 1 9.85001223673334e-13 1 1.22776419395164e-37 1 1 1 1 1 0.000367895465644806 1.96007472249148e-54 3.08887596523529e-33 0.347032310893338 1 1 1 1 6.30277300818034e-07 1 4.231440256089e-05 1 1 1 1 1
DMOG 1 0.353018933643968 1.30634713497368e-19 0.00306158678368067 1 1 1 1 1 1 2.44868758841054e-86 1 1 2.84023510758712e-31 0.603712758390689 2.45185966859847e-06 1 1 1 1 1 1 6.62595187887517e-06 0.464999857818802 1 1 0.208140008567197 1 1 1
Docetaxel 1 0.0015531368682536 1 0.591689439437503 1 1 1.15323445214946e-36 1 9.67060006436916e-200 1 1 1 1 1 1 3.18592767066915e-32 1 1 1 1 1 1 1 1 1 1 1 1 1 1
Doramapimod 1 0.162015300255546 1 0.0226189198092572 1 1 7.94564779486725e-09 1 1.58418198493807e-66 1 1 1 1 1 1 5.74162757385926e-80 1 1 1 1 1 1 1 0.00710307346420632 1 3.5817042059386e-49 1 1 1.24903856669315e-13 1
Doxorubicin 1 7.50276691472235e-09 3.49523818754899e-08 3.51900467882672e-26 1 1 4.40205995673522e-05 1 9.14592696910822e-25 1 1 1 1 1 0.0219047935368601 1.59050346430246e-19 1 0.687471553601534 1 1 1 1 1 1 1 7.5900684055801e-34 1 7.98964140894939e-15 0.0642781935433018 1
EHT.1864 1 1 8.92535817490569e-07 1 1 1 1 1 1 1 1 1 1 0 1 1 1 1 1 1 1 1 1 0.00710307346420632 1 1.1634503580212e-66 1 1 5.4020370878013e-07 2.66166035373297e-20
Elesclomol 0.598057708403256 1 2.82293234606565e-07 0.591689439437503 1 1 0.60669316702426 1 0.1191706760207 1 1.06793928112743e-06 1 1 1 1 0.057478042696765 2.18040489876569e-07 0.502208380088726 1 1 1 1 2.97613468871277e-26 4.69010706586787e-62 1 4.28169651308468e-68 1 0.0210342619195963 3.40003222430572e-30 1
Embelin 1 0.102188030285871 1.44568404997486e-16 0.107539015345264 1 1 0.863921991597068 1 0.00951880256348695 1 1 1 1 1.21933269316765e-26 1 0.207172416603339 1 1 1 1 1 1 1 2.45617142813962e-246 1 3.67808963884872e-07 1 1 1 4.79707667718193e-15
Entinostat 1 0.000678481840872221 8.92535817490569e-07 1 1 1 1 3.45688737329394e-12 0.000109250925312516 1 1 1 2.15081601192228e-44 1 0.000152039289054112 0.833151732914157 1 0.0595343916963719 1 3.42431182622684e-51 1 1 8.52113453959545e-29 5.76879631725339e-16 0.0208807741807118 0.449900611955713 1 1 1 1
Enzastaurin 1 0.102188030285871 0.038884114737082 0.0103226890585751 1 1 1 1 1 1 1 1 1 1 5.29038462710545e-47 0.0153806096671178 1 9.18291245596722e-95 1 1 1 1 1 0.0494233545775229 0.133678750635525 0.0549400503593898 5.59456657394589e-05 1.25432089229336e-12 1 1
Epothilone.B 1 0.41432189057384 1 1.50499339838806e-63 1 1 1.78863858786368e-20 1 1.3094858908592e-101 1 1 1 1 1 1 1.13077219864081e-45 1 1 1 1 1 1 1 1 1 1 1 1 1 1
Erlotinib 1 0.0614091420245157 1 6.35410900863576e-67 1 1 0.000196703005877339 1 2.57635778863348e-99 1 1 1 1 1 1 4.85330153134253e-59 1 1 1 1 1 1 1 1 1 1 1 1 1 1
Etoposide 1 0.559921978564493 1 8.77495086817534e-15 1 1 1.47206855664114e-05 1 9.89384878982474e-15 1 1 1 1 1 1 4.42777230798721e-108 1 3.27699103467418e-06 1 1 1 1 0.310911060933807 0.00970447558829045 1 1 1 0.158743383549649 1.4740895717533e-11 1
Fedratinib 1 0.00509037190626407 2.40204759330571e-11 1 1 1 1 0.351991930267659 2.18102509707131e-06 1 4.62183149709448e-11 1 4.08315556275713e-05 0.114923438768434 0.404340021718218 0.245670278044477 5.29498329556806e-06 0.78901681937033 1 1 1 1 8.13034116617084e-42 0.3291268284114 0.00385377921228133 3.25509363500147e-145 1 1 7.83910387738723e-08 1
FH535 0.000515728835795017 1 1.35656455284541e-09 1 1 1 1 1 1 1 1 1 1 3.85682498255705e-243 1 0.141257876469594 1 1 1 1 1 1 1 3.27323885171224e-65 1 0.568088054109521 1 1 1 3.6705001473121e-05
FMK 1 1 1.30634713497368e-19 0.000701382570262446 1 1 1 1 0.468528803397644 1 1.06793928112743e-06 1 1 1 1 0.916147140482313 0.0113214450770552 0.285883695606992 1 1 1 1 0.383667927627521 8.21721118844362e-128 1 9.93983012419793e-105 1 0.0789357690231947 1 1
Foretinib 1 0.00228198724044337 1 1 1 1 1 4.61729603382583e-101 1 1 0.000202265372916297 1 4.36630196237028e-114 1 1 0.00820885172614636 0.451042015439041 1 1 1 1 1 5.20455574130324e-36 1 1 1.70753829646024e-05 1 1 1 1
FR.180204 1 0.0139678884144103 1.30634713497368e-19 0.00306158678368067 1 0.00804440188339467 1 0.452624424523901 1 1 1 1 0.253366169796239 1 0.00114661521958342 0.342497346512514 1 2.53471139669729e-29 1 1 1 1 0.10918236398901 3.58709187951806e-29 1 2.89152404324623e-108 1 5.99086304636646e-07 1.04109405147088e-08 1.082166415326e-58
FTI.277 1 3.44004805846377e-06 1.80665733263093e-17 0.138179898957341 1 1 0.60669316702426 1 9.75733981704885e-62 1 1.06793928112743e-06 1 1 1 1 9.15084238844725e-18 0.080319816351195 1 1 1 1 1 5.96344015568642e-09 7.80672777666398e-18 1 9.26911893804561e-33 1 1 1 1
Gefitinib 1 0.293874539086203 1 6.11492946329737e-56 1 1 4.69501043967754e-06 1 4.58231443946713e-132 1 1 1 1 1 1 3.08455407805765e-48 1 1 1 1 1 1 1 1 1 1 1 1 1 1
Gemcitabine 1 0.000979799060353581 1.80665733263093e-17 5.63043494986752e-27 1 1 0.0582134606872374 1 8.20885768526304e-29 1 3.05454115227876e-07 1 1 0.114923438768434 1.47960202343531e-05 1.57316750084771e-15 1 0.347032310893338 1 1 1 1 1 0.000900581307790611 1 5.6064234691784e-57 1 1 1 1
Genentech.Cpd.10 1 0.244811360583826 0.460504395166522 1 1 1 1 1 1 1 0.000652619740127683 0.0390297744289285 1 1 0.00114661521958342 0.0344653460092803 1.64160880820687e-10 1.28755636739188e-51 1 1 1 1 8.40976784258063e-24 1 1 4.63883666802776e-36 1 9.98437689912875e-29 1.41021977582505e-12 1
GNF.2 1 0.00333716768723338 3.24109509605112e-10 8.55209569761754e-53 1 1 1 1 6.82820240849957e-17 1 1 1 1 1 3.20123545058905e-06 2.98346898253116e-23 1 0.502208380088726 1 1 1 1 0.0194226011178323 8.69450989887596e-20 1 5.00499733068828e-06 1 1.40934739354185e-10 0.208447673544305 1
GSK1070916 1 1 1 1 1 1 1 5.94772209651433e-29 1 1 1 1 1.62081137554645e-279 1 1 1 1 0.00305850211389887 1 1 1 1 1 0.019642060968433 1 3.06990102854184e-65 1 1 0.00707431860351838 1
GSK1904529A 1 0.00228198724044337 6.10565745983348e-05 1 1 1 1 1 0.1191706760207 1 1 1 1 0 1 0.000202561367576835 1 1 1 1 1 1 1 0.00312361828567548 1 7.86631621420345e-64 1 1 1 1
GSK269962A 1 5.97129298176716e-05 1 1 1 1 1 1 1 1 1.12871831921537e-13 0.00573193500479986 1 5.81485133649236e-153 1 1 2.18040489876569e-07 1 1 1 1 1 7.71964025129646e-94 0.00710307346420632 1 1.39186414406588e-06 1 1 1 1
GSK319347A 1 0.0139678884144103 9.16880706706579e-10 1 1 7.17656340096588e-61 0.172863287757807 1 1 1 1 1 1 1 1 0.00420035804460467 1 0.502208380088726 1 1 6.30446092490434e-06 8.82571547911646e-28 5.84400112100319e-05 0.000900581307790611 0.082869202443305 0.849104040915827 1 4.17842736131675e-23 2.64903330085357e-27 1
GSK429286A 1 0.00025716080498156 1 1 1 1 1 6.05112245193131e-07 1 1 3.05454115227876e-07 1 8.49257432716266e-243 1 1 1 1 1 1 7.20558650507854e-55 1 1 5.84400112100319e-05 0.0858975017966248 1 9.24924235920371e-08 1 1 1 1
GSK650394 1 0.0193092577136147 1.06162783068364e-15 6.06745527076539e-32 1 0.00804440188339467 4.40205995673522e-05 1 8.20885768526304e-29 1 1 1 1 8.76791794512663e-06 0.118151645028035 1.55655162278726e-37 1 1 1 1 1 1 1 1 1 1.23486128777538e-15 1 0.0789357690231947 1 1
GSK690693 1 0.00228198724044337 8.29765927178793e-14 1.31318697737908e-07 1 1 0.49433772586804 0.851759534628244 0.533946039603688 1 1 1 1.20273983758238e-17 1 3.20123545058905e-06 0.113065516844005 1 1 1 1 1 1 0.470425833268234 0.019642060968433 4.231440256089e-05 6.46440230443656e-48 1 1.65652391996886e-07 1 1
GW.2580 1 0.129749033612065 2.82293234606565e-07 2.1951232958099e-05 1 1 0.389870219068331 1 0.406988132232025 1 1 1 1 9.09776770472805e-11 0.467624633820662 6.7212406633633e-24 1 1 1 1 1 1 1 8.01560404431339e-22 1 5.71439064265608e-77 1 0.385757586550673 1 1
GW441756 1 0.0193092577136147 0.00491495363688706 8.77662486414481e-44 1 1 0.389870219068331 1 1.09079092436377e-11 1 1 1 1 0.0678486875556899 9.9162889328478e-06 4.18937555372792e-49 1 0.0804548377785088 1 1 1 1 1 0.3291268284114 1 0.0218335198162051 1 1 1 1
GW843682X 1 6.2024552266882e-67 1 4.60532617792929e-68 1 1 0.00041095665647054 1 3.24538252074422e-43 1 1 1 1 1 1 3.24336915665083e-25 1 1 1 1 1 1 1 1 1 1 1 1 1 1
HG.5.113.01 1 0.00333716768723338 1 1.9649492618224e-35 1 1 1.17836375506704e-15 1 3.31020754036569e-123 1 1 1 1 1 1 6.94893716043714e-26 1 1 1 1 1 1 1 1 1 0.000486087151116454 1 1 0.000464150762896257 1
HG.5.88.01 1 0.00228198724044337 1 1 1 0.410586967874044 0.0375852785377065 1 1.37470936672697e-21 1 0.0138222497696232 1 1 1 0.00243272853333021 5.76818619797598e-11 0.624153887175625 1 3.14868293531476e-72 1 1 0.810994525122437 1 1 4.31019933908262e-51 0.0549400503593898 0.00317845063246302 1 1 1
HG6.64.1 0.291276571237512 0.244811360583826 1.30634713497368e-19 1 1 1 0.0375852785377065 1 4.23883034366243e-05 1 0.412111674396007 1 1 8.67899659328652e-48 1 1.84272187550248e-14 1.64160880820687e-10 1 1 1 1 1 6.64848713528654e-47 4.32710426673098e-05 1 0.0549400503593898 1 1 1 1
I.BET.762 1 0.102188030285871 0.00397699290928285 1 1 0.0183642502223345 0.172863287757807 1 1 1 0.00096311032382293 1 1 0.903071729125459 0.0281341540384682 0.0153806096671178 0.624153887175625 1 1 0.863478486983735 1 1 4.94082677894474e-13 6.26631290865093e-55 0.00248159867155501 1.58451150491662e-26 8.69424235928905e-07 1 0.0642781935433018 1
ICL1100013 1 0.000171325165437477 1 1.50945819868935e-34 1 1 1.16090400197219e-07 1 1.57923408204168e-76 1 1 1 1 1 1 3.22212295357705e-35 1 1 1 1 1 1 0.0194226011178323 4.78353988352869e-13 1 1 1 1 1 1
Idelalisib 1 0.486757319351957 0.657909928608603 1 1 1 1 1 0.000375849732932155 1 0.124811016790985 0.00573193500479986 1 1 9.2883695762645e-09 0.833151732914157 0.207903048470449 4.91594826774097e-09 1 1 1 1 5.62669289241667e-15 1.05635444204828e-08 0.0107432584609334 1.20205086853144e-40 0.752442859939243 0.158743383549649 1 1
Imatinib 0.000133575625349873 2.17201976652533e-13 9.91691173553955e-18 4.38303525730053e-08 1 1 1 1 0.1191706760207 1 1 1 1 1 1 5.34382839511309e-10 1 0.226220474143605 1 1 1 1 1 1.16531050785062e-24 1 0.00174248090520296 1 0.00137434256563011 0.00707431860351838 1
IOX2 1 0.00696719456162081 1.06162783068364e-15 0.687217237536581 1 1 0.863921991597068 0.452624424523901 1.79366108706126e-23 1 0.0308341601588967 1 9.9150183778908e-06 1 1 1.60262076671082e-46 0.624153887175625 1 1 1 1 1 1.27891849175544e-10 8.01560404431339e-22 4.231440256089e-05 7.88832368960686e-15 4.44385223945109e-06 1 1 1
IPA.3 1 0.726560335192625 0.00145826456837244 1.35859742480663e-09 1 1 0.306647563000153 1 0.00353770642454112 1 1.06793928112743e-06 1 1 0.00022803659940459 4.06404383789398e-05 7.09541484886954e-08 1 0.107642264353925 1 1 1 1 0.0831129274770424 1.54107145621056e-31 1 1.72506133547054e-106 1 0.222123510819405 1.93808890005098e-05 1
Ispinesib.Mesylate 1 0.486757319351957 3.49523818754899e-08 8.811707259323e-12 1 1 0.0582134606872374 0.0133395624755952 0.00119828864646972 1 1 1 0.917430434737203 1 3.20123545058905e-06 1.46444352097585e-26 1 3.27699103467418e-06 1 1 1 1 1 0.000900581307790611 1 1.11053814720601e-59 1 1.65652391996886e-07 1.54561651672101e-24 1
JNK.Inhibitor.VIII 1 0.00696719456162081 1 4.47317981685233e-58 1 1 4.16449007240488e-07 1 3.28462997443064e-180 1 1 1 1 1 1 6.39028794737959e-13 1 1 1 1 1 1 1 1 1 1 1 1 1 1
JNK.9L 1 0.0101907096576828 0.00397699290928285 1.01763643091427e-16 1 1 1 1 5.82446964989671e-50 1 1 1 1 1 1 1.48887082366426e-24 1 1 1 1 1 1 1 1.13001308495098e-06 1 5.11038518756579e-53 1 1 1 1
JQ1 1 0.0193092577136147 8.92535817490569e-07 0.687217237536581 1 1 1 1 2.93197910031871e-15 1 0.918490019983825 1 1 1 0.000152039289054112 9.15854319635759e-12 0.624153887175625 1 1 1 1 1 6.62595187887517e-06 3.94497475317399e-26 1 1.95754057511832e-62 8.69424235928905e-07 1 1 1
JQ12 1 0.353018933643968 9.55744343065834e-13 1.89430523575309e-19 1 1 0.49433772586804 1 1.17202494700542e-10 1 1 1 1 1.18387798326165e-08 1 5.58585213096553e-22 1 1 1 1 1 1 1 1.16531050785062e-24 1 3.8014510928703e-83 1 1 1 1
JW.7.24.1 1 0.162015300255546 0.375825155560404 0.0148160273726528 1 1 1 0.575456031253298 0.604850622536863 1 0.261134131082213 1 1 0.00712049794991614 0.00114661521958342 0.0448319952297999 0.080319816351195 9.91306430435896e-12 1 1 1 1 6.30277300818034e-07 0.3291268284114 1 1.85532022422594e-75 8.69424235928905e-07 0.00137434256563011 1.93808890005098e-05 1
JW.7.52.1 0.0603156578239249 1 0.0647006092868454 1.00364962451681e-05 1 1 0.60669316702426 1 0.00951880256348695 1 1.06793928112743e-06 1 1 0.0871099774797335 0.00114661521958342 0.46061207418464 1.64160880820687e-10 6.93829424962343e-27 1 1 1 1 1 1.9508600797541e-78 1 1 1 6.83157479719255e-06 0.00707431860351838 1
KIN001.236 1 1 0.000385063221647167 0.3464401070874 1 1 1 0.00210485127650294 0.0220969518680762 1 0.00141282055454185 1 0.118276357856283 0.000907408499584217 0.0374962639908125 2.45185966859847e-06 0.624153887175625 0.00305850211389887 1 1 1 1 2.06952653307691e-07 3.71390595945716e-33 0.0208807741807118 4.28169651308468e-68 8.69424235928905e-07 0.481792113074837 1 1
KIN001.244 0.598057708403256 0.0139678884144103 0.00085665479479102 0.00306158678368067 1 1 1 0.452624424523901 0.000375849732932155 1 0.00389786562233462 0.27215932474731 2.16792020239748e-06 0.0280339511344157 1 0.141257876469594 5.29498329556806e-06 0.0103646186889445 1 1 1 1 0.000698371356331211 2.8147316619034e-66 1 4.67902862353444e-110 1 0.222123510819405 1 2.01736464152415e-10
KIN001.260 1 0.353018933643968 0.00397699290928285 0.0305800487966977 1 1 1 0.707978692604348 0.000375849732932155 1 1 1 9.9150183778908e-06 0.00022803659940459 0.000367895465644806 0.000202561367576835 3.98419239859252e-08 0.0595343916963719 1 1 1 1 2.97613468871277e-26 3.74797126026988e-64 1 1.54687959195881e-89 1 0.481792113074837 1 1
KIN001.266 1 0.162015300255546 7.20306128811642e-15 1.28827196544303e-24 1 1 1 6.05112245193131e-07 1 1 1 0.27215932474731 5.85874878153988e-38 0.00022803659940459 1 0.000672860315145899 1 0.0103646186889445 1 1 1 1 1 9.65742352842603e-31 1 1.20579179505601e-55 1 0.385757586550673 1 1
KIN001.270 1 0.293874539086203 0.000114880098975 0.00436449620925192 1 1 0.389870219068331 1 3.53074042146413e-06 1 0.00141282055454185 1 1 2.36916048015876e-12 1 0.0110095417582338 1 1 1 1 1 1 0.383667927627521 9.65742352842603e-31 1 4.95262405706435e-80 1 0.385757586550673 0.00707431860351838 1
KU.55933 1 0.0193092577136147 4.90441718039762e-12 3.04921258466523e-60 1 1 0.306647563000153 1 1.8574214640545e-71 1 1 1 1 1 4.06404383789398e-05 6.25154821870584e-19 1 1 1 1 1 1 0.0194226011178323 0.0858975017966248 1 1.46236894887013e-24 1 1 1 1
Lapatinib 1 6.34332828143994e-54 1.80665733263093e-17 4.29984958849358e-31 1 1 0.000944973304755103 1 3.54788473910382e-98 1 1 1 1 1 1 3.97517964797635e-20 1 1 1 1 1 1 1 1 1 1 1 1 1 1
Lenalidomide 1 0.0193092577136147 1 9.22672600255747e-52 1 1 0.000944973304755103 1 2.9445749646892e-89 1 1 1 1 1 1 1.48887082366426e-24 1 1 1 1 1 1 1 0.221617576408802 1 1.50605094675834e-28 1 1 1 1
Lestaurtinib 1 0.00228198724044337 1 1 1 1 1 1 1 1 0.00196363285103065 1 1 1.06789532705313e-33 1 1 9.54509137537332e-05 1 1 1 1 1 3.97483219423224e-87 1.35193853163878e-111 1 0.0549400503593898 1 1 1 1
LFM.A13 1 0.102188030285871 2.69681766899682e-13 4.02331895967315e-10 0.00177399533543392 1 1 1 0.533946039603688 1 7.66958870349948e-55 0.217185306524692 1 4.88906546158424e-86 1 0.527519693939141 0.0407100627099086 1 1 1 1 1 0.245666044815685 0.000900581307790611 1 1 1 1 0.0642781935433018 1
Linifanib 1 0.643187659331714 1 1.41873378822063e-08 1 1 1 1.02273356920624e-17 3.53074042146413e-06 1 1.06793928112743e-06 1 1.93188190286021e-07 1 1 0.245670278044477 0.0113214450770552 1 1 1 1 1 3.78776676479364e-61 3.18128924484107e-23 1 9.24924235920371e-08 1 1 1 1
Linsitinib 1 1 1 1 1 3.45564730066751e-17 0.0149727587975945 0.0596977111784764 4.16969477414827e-07 1 1 1 0.0473481964496919 1.02022537396638e-23 0.00114661521958342 1 1 1 1 1 1 2.66442792916936e-12 0.383667927627521 5.76879631725339e-16 2.10201501593273e-16 6.46440230443656e-48 1 1 3.39504566881882e-06 1
Luminespib 1 0.0352018578390209 4.55033419361306e-14 2.15246494749529e-25 1 1 1.16090400197219e-07 1 1.84633036278505e-70 1 1 1 1 0.000907408499584217 1 6.12760154419273e-14 0.207903048470449 1 1 1 1 1 0.0134970861814487 2.19186431234399e-10 1 0.184298673819618 1 0.601690745283257 1 1
Masitinib 0.0167528261062779 0.0482918499946641 1.44568404997486e-16 1 1 1 1 1.02273356920624e-17 1 1 7.26590973942033e-09 0.0187792950198981 2.21704533426163e-14 0.46537421699898 0.00114661521958342 1.96165954725816e-05 0.00124349989275412 1 1 1 1 1 3.20947083846143e-22 0.000117692097052062 1 5.71439064265608e-77 0.0922216399148766 1 1 1
Methotrexate 1 0.0193092577136147 7.20306128811642e-15 5.63043494986752e-27 1 1 1 1 7.25412476406342e-37 1 0.000652619740127683 1 9.9150183778908e-06 0.00022803659940459 0.00648197182245031 1.84272187550248e-14 1 1 1 1 1 1 0.885575668804758 0.00130695714961176 0.0208807741807118 1.92792452024923e-45 1 1 1 1
MG.132 1 5.97129298176716e-05 1.80665733263093e-17 1 1 1 1 1.82081860346794e-11 1 1 1 1 0.000153454806828767 1 1 1.96165954725816e-05 0.00393339446046113 1 1 0.0836411867459334 1 1 1.58734657169172e-156 6.8483408750442e-160 1 1 1 1 1 0.121030370424144
Midostaurin 1 0.486757319351957 1.80665733263093e-17 0.0593329704527328 1 1 4.62093144785406e-10 1 1.15985009815549e-07 1 7.72856698897771e-06 1 1 1 0.000367895465644806 5.04687947832522e-101 2.33703732460485e-05 0.893373295496982 1 1 1 1 1.85262542736349e-06 0.000900581307790611 1 0.568088054109521 1 0.481792113074837 1.26923364164234e-09 1
Mitomycin.C 1 0.293874539086203 4.90441718039762e-12 4.34376742448453e-81 1 0.58275065161259 0.0375852785377065 1 4.38032713194085e-12 1 1 1 1 0.808043071270909 0.00243272853333021 7.85403442242428e-63 1 0.0103646186889445 1 1 1 1 1 1 1 0.0902730144775148 1 0.004199493956855 1 1
MK.2206 1 1 1.92581683355368e-149 1 1 1 1 1 1 1 1 1 1 2.49885621734826e-72 3.20123545058905e-06 1 1 0.181816740197351 1 1 1 1 1 1 1 1 1 0.000291576279633067 1 1
Motesanib 1 0.00696719456162081 1.44568404997486e-16 1 1 1 0.00290836072116084 1 2.04758386178467e-38 1 1 1 1 1 6.16832147059255e-07 5.74162757385926e-80 1 1 1 1 1 1 2.97613468871277e-26 0.00130695714961176 1 0.568088054109521 1 1 5.4020370878013e-07 1
MPS.1.IN.1 1 0.000678481840872221 1 0.107539015345264 1 0.00804440188339467 1 4.45497444223736e-10 0.147408658634332 1 1 1 5.92352486188279e-72 0.00022803659940459 4.06404383789398e-05 1 1 1 1 1 1 1 0.042164492395462 5.97034410806999e-12 5.7263888709525e-12 1.85532022422594e-75 1 1 1 1
Navitoclax 1 1 1 1 1 1 1 1.92730648371689e-19 1 1 1 1 0 1 1 1 1 1 1 1 1 1 1 1 1 1 1 1 1 1
NG.25 7.32091114988946e-09 0.0139678884144103 7.20306128811642e-15 1 1 1 1 0.0133395624755952 2.18102509707131e-06 1 0.000463638061563501 0.336670901873338 0.468434232007098 0.0678486875556899 0.210785857197145 0.000672860315145899 0.624153887175625 0.0595343916963719 1 1 1 1 1.19651733228827e-15 4.30201201643368e-49 1 1.20579179505601e-55 1 0.481792113074837 1 1
Nilotinib 3.31218896609576e-16 0.0101907096576828 1 4.38303525730053e-08 1 1 1 0.452624424523901 0.177170400043151 1 2.15921073233236e-17 0.0390297744289285 1 9.1464790718351e-10 1 0.000672860315145899 0.0407100627099086 1 1 1 1 1 1.76197465804886e-92 4.86008793691563e-07 1 1 1 1 0.208447673544305 1
NPK76.II.72.1 1 0.244811360583826 3.67002890024714e-09 1 1 1 1 0.851759534628244 0.0378305328229167 1 1 1 4.67574547936365e-65 1 0.000367895465644806 3.08803032554053e-05 1 0.592696777119243 1 1 1 1 0.470425833268234 0.00457721446009275 1 1.00587053092903e-84 1 0.0789357690231947 0.000464150762896257 1
NSC.207895 1 0.486757319351957 9.55744343065834e-13 0.788478222046226 1 1 1 0.452624424523901 2.93010821659059e-05 1 1 1 4.08315556275713e-05 0.0678486875556899 3.20123545058905e-06 0.057478042696765 1 0.0227541930175328 1 1 1 1 0.0194226011178323 5.85576670874665e-163 1 7.30617197525192e-112 1 0.0514537792457663 1.42415855418312e-10 0.600711374660518
NSC.87877 1 0.0266713866350916 2.69681766899682e-13 0.501778313394486 1 1 1 1 0.000161729513074213 1 1 1 1 1.76097995504498e-30 1 2.45280308818667e-10 1 1 1 1 1 1 1 4.70044206814069e-83 1 1.11053814720601e-59 1 1 0.208447673544305 0.295628810909397
NU7441 0.291276571237512 0.0139678884144103 4.90441718039762e-12 0.284367358634444 1 1 1 1 0.604850622536863 1 0.608967028480985 1 1 2.71507456143898e-179 1 1 0.0407100627099086 1 1 1 1 1 7.62462351446953e-40 0.00208956557026183 1 0.184298673819618 1 1 1 0.0180715914332431
Nutlin.3a.... 1 1 1 1 1 1 1 1 1 1 1.89145685291345e-31 1 1 1 1 1 1 1 1 1 1 1 7.21045946827592e-46 1.41720650819824e-215 0.000496828409135572 0.00378996860242212 1 1 0.0228611022719651 0.00201370309049938
NVP.BHG712 1 0.00509037190626407 1 1 1 1 1 0.0368932919727909 2.18102509707131e-06 1 0.00389786562233462 0.0187792950198981 2.16792020239748e-06 0.00712049794991614 1 8.59360343630573e-07 1 1 1 1 1 1 2.97613468871277e-26 8.46540570868814e-230 1 2.50867421804794e-38 1 1 1 3.6705001473121e-05
NVP.TAE684 1 5.97129298176716e-05 1 1 1 3.11435986325341e-77 0.000196703005877339 1 1 1 0.000202265372916297 1 1 2.6216300465028e-22 3.20123545058905e-06 1 1 1 0.000312305790666837 1 1 2.00929225542185e-43 0.00830908197611713 1 1.3430233957707e-34 4.61816741358587e-11 1 1 1 1
Obatoclax.Mesylate 1 0.000979799060353581 1 8.8182581124346e-28 1 1 0.00290836072116084 1 3.29127266284039e-22 1 1 1 1 1.84538417703609e-13 3.20123545058905e-06 2.00331579428349e-12 1 1 1 1 1 1 1 2.85790729096316e-46 1 9.24924235920371e-08 1 1 1 1
Olaparib 1 0.0101907096576828 2.06316749538771e-18 0.687217237536581 1 1 0.00569543143706964 1 1.64162911448352e-05 1 1 1 1 1 4.06404383789398e-05 1.06314202296833e-151 1 1 1 1 1 1 0.191251245355681 0.037618286104156 1 1.70790077419518e-78 1 1 1.93808890005098e-05 1
Omipalisib 1 0.0482918499946641 1.35656455284541e-09 0.591689439437503 1 1 1 3.88177921118028e-08 0.147408658634332 1 1.06793928112743e-06 0.492389059708007 0.144842479693262 1 2.13002588843468e-13 0.0110095417582338 1 0.0804548377785088 0.222678440168948 1 1 1 0.771553720675495 0.807995735054723 0.048941277102817 2.51881947424595e-54 0.208140008567197 0.000291576279633067 0.208447673544305 1
OSI.027 0.598057708403256 0.486757319351957 0.0267700617541783 6.01011168591947e-13 1 1 1 0.000238485080969375 0.0124166334735821 1 1 1 6.25737830497973e-07 0.00137083140972795 0.0219047935368601 5.40769701966079e-05 1 1 1 1 1 1 2.0117038036033e-08 2.13449720877643e-09 1 2.5318627382998e-58 1 0.158743383549649 0.00192428426697923 1
OSI.930 1 0.0614091420245157 0.00306347239623641 0.284367358634444 1 1 1 1 0.0378305328229167 1 1 1 1 1 1 0.46061207418464 1 0.893373295496982 1 1 1 1 0.0286977935101373 4.69010706586787e-62 1 1.70790077419518e-78 1 6.28767246949114e-12 0.0228611022719651 1
OSU.03012 1 0.353018933643968 1 8.811707259323e-12 1 1 1 1 0.000565387642710725 1 1 1 1 0 1 0.673550184935296 1 1 1 1 1 1 1 1 1 0.000168590502331933 1 1 1 1
PAC.1 1 0.0139678884144103 0.417388297395604 0.3464401070874 1 1 1 1 0.000852339611541208 1 1.12871831921537e-13 0.411198739520439 1 1.18387798326165e-08 0.00899492403781904 0.0267697264017555 1 1 1 1 1 1 0.042164492395462 1.30652166448493e-13 0.908395203132972 2.5318627382998e-58 8.69424235928905e-07 0.222123510819405 1 1
Paclitaxel 1 1.93196868181269e-17 1 1.9649492618224e-35 1 1 4.55855396441198e-23 1 1.65326192081569e-129 1 1 1 1 1 1 1.84272187550248e-14 1 1 1 1 1 1 1 1 1 1 1 1 1 1
Palbociclib 1 4.68587884999837e-18 1 6.87545728436652e-05 1 1 7.94564779486725e-09 1 6.22814209664504e-59 1 1 1 1 1 6.16832147059255e-07 1.02618918140293e-66 0.451042015439041 1 1 1 1 1 0.00199717356368648 0.019642060968433 1 1 1 1 1 1
Parthenolide 1 0.816750441743856 1.44568404997486e-16 0.0103226890585751 1 1 1 0.452624424523901 1 1 5.02584395618237e-06 0.0187792950198981 1 1 1 1 6.81001051311835e-09 2.90556049671197e-22 1 1 1 1 2.60203194718727e-109 1.40533526466386e-16 1 0.184298673819618 1 1.25432089229336e-12 1.4941667474505e-48 1
Pazopanib 1 1 1 1 1 1 1 1 1 1 0.100490351196089 1 1 0 1 1 1 1 1 1 1 1 4.98340262329841e-17 1 1 5.00499733068828e-06 1 1 1 1
PD0325901 1 1 1 1 1 2.45640253765656e-06 1 1 1 1 1 1 1 1 1 1 1 1 0.48421459794742 1 1 5.97683519320846e-05 1 0 4.65145402480027e-06 1 1 1 1 3.02224413200746e-55
PD173074 1 1 1.30634713497368e-19 1 1 1 1 1 1 1 0.00096311032382293 1 1 8.12487841972361e-317 1 0.057478042696765 1 1 1 1 1 1 1 1 4.231440256089e-05 1.00700504499379e-51 1 1 0.208447673544305 1
Pelitinib 1 1 1.35656455284541e-09 0.0305800487966977 1 1 0.863921991597068 1 1.09079092436377e-11 1 4.2044446292903e-19 0.0981668515619874 1 1 0.755396762647805 0.0110095417582338 1 0.00305850211389887 0.726681053669946 1 1.24918847909842e-06 1 0.147369534955769 0.221617576408802 1.36557489976755e-05 1.46236894887013e-24 0.529662118818968 1 1 1
Pevonedistat 1 0.199582975764142 1.16933159116727e-05 2.50770505161562e-36 1 1 1.78863858786368e-20 1 1.53810729780612e-46 1 1 1 1 0.0378264893791292 1 2.35545162588229e-21 1 1 1 1 1 1 0.0286977935101373 0.3291268284114 1 1.39186414406588e-06 1 0.222123510819405 1 1
PF.4708671 1.55904558666483e-10 0.00025716080498156 4.90441718039762e-12 0.107539015345264 1 1 1 1 1 1 0.00141282055454185 1 1 1.35656639888135e-19 4.06404383789398e-05 8.59360343630573e-07 0.00124349989275412 1 1 1 1 1 1.28817108859436e-80 2.12553365234142e-28 1 2.5318627382998e-58 1 1 1 4.55138570608234e-14
PF.562271 1 3.44004805846377e-06 1.30634713497368e-19 4.66369671610743e-75 1 1 4.62093144785406e-10 1 1.80875432146945e-73 1 1 1 1 0.46537421699898 1 5.76818619797598e-11 1 1 1 1 1 1 0.0194226011178323 0.112214524415047 1 1 1 1 1 1
PFI.1 1 0.199582975764142 1.30634713497368e-19 0.501778313394486 1 1 0.389870219068331 1 6.82820240849957e-17 1 0.918490019983825 1 1 0.0100061582385484 1 0.000466245127615837 0.624153887175625 1 1 1 1 1 6.56321040566844e-08 1.9508600797541e-78 1 6.62379228309987e-20 1 1 1 0.0180715914332431
PFI.3 1 0.0808085576066483 1.30634713497368e-19 8.55209569761754e-53 1 1 0.120442313055646 1 2.36015775932881e-90 1 1 1 1 1 1 2.41491853965201e-55 1 1 1 1 1 1 1 0.464999857818802 1 0.706796262652279 1 1 1 1
PHA.665752 1 0.816750441743856 1 1 0.0322250931300643 0.783396736754397 0.0375852785377065 1 2.18102509707131e-06 1 1 1 1 1 3.20123545058905e-06 1 0.451042015439041 1 8.71472505927939e-114 1 1 0.810994525122437 2.51534961789856e-32 1 1.3453153778419e-127 0.0902730144775148 1 1 1 1
PHA.793887 1 0.643187659331714 1.38370396905728e-08 1.04262511264858e-47 1 1 0.389870219068331 1 2.01495077851771e-25 1 1 1 1 1 1 0.527519693939141 1 0.000141488851055957 1 1 1 1 0.042164492395462 0.037618286104156 1 4.67902862353444e-110 1 1.65652391996886e-07 0.00707431860351838 1
Phenformin 1 0.00025716080498156 0.337707863574365 1 1 0.00804440188339467 1 0.851759534628244 0.00495325000757623 1 1 1 1 0.0871099774797335 0.210785857197145 0.527519693939141 1 0.0308101677983792 1 1 1 1 0.042164492395462 1.31962296018899e-70 0.205473485756146 1.20205086853144e-40 1 4.38257708199351e-08 1 0.600711374660518
PI.103 6.65493400160339e-29 0.000678481840872221 0.00145826456837244 1 1 1 1 0.258415462697688 1 1 1 1 0.144842479693262 1 0.000367895465644806 1.96165954725816e-05 1 0.285883695606992 1 0.0135007787674929 1 1 3.4666546184833e-19 2.13449720877643e-09 1 1.20205086853144e-40 0.00828222724721755 1.65652391996886e-07 1.24903856669315e-13 1.55666998463439e-39
Pictilisib 1 0.244811360583826 1.06162783068364e-15 0.0593329704527328 1 1 1.95467537835311e-09 1 2.369232943123e-133 1 1 0.0753595046414339 1 0.0678486875556899 0.0219047935368601 0.000992351225294051 0.0113214450770552 0.00305850211389887 0.726681053669946 1 1 1 0.561394648141915 0.0858975017966248 0.0275746048081505 1 0.0578335887505586 0.222123510819405 1.93808890005098e-05 1
PIK.93 1 0.162015300255546 0.00187459618551153 0.893289993902392 1 1 1 1 0.1191706760207 1 0.184251704904886 1 6.28972847690337e-05 1 0.676883972365376 0.399727947121206 0.451042015439041 0.285883695606992 1 1 1 1 0.885575668804758 1.86127947562487e-20 0.048941277102817 1.9271545699216e-50 0.00150742289518984 0.222123510819405 1 1
Piperlongumine 1 1 1.80665733263093e-17 0.893289993902392 1 1 0.172863287757807 0.0596977111784764 1.19882949085738e-31 1 0.00389786562233462 1 1 1 1 0.752057237319668 0.0407100627099086 1 1 1 1 1 0.000388079751188232 7.55344423489488e-157 1 0.00378996860242212 1 1 5.4020370878013e-07 1
PLX.4720 1 1 1 1 1 1 1 1 1 1 1 1 1 1 1 7.94852807130338e-05 1 1 1 1 1 1 1 0 1 1 1 1 1 1.62515067527645e-104
Ponatinib 1 0.907213057601225 2.06316749538771e-18 1 1 1 1 1 0.00951880256348695 1 0.150699583365092 0.0187792950198981 1 1.25723053937775e-61 0.00243272853333021 0.0267697264017555 2.32340503920787e-11 1 1 1 1 1 5.3094552613334e-60 0.902621055385051 1 3.46361799011635e-37 1 1 1 1
Pyrimethamine 1 1 1.30634713497368e-19 1 1 1 1 1 1 1 1 1 1 0 4.06404383789398e-05 1.96165954725816e-05 1 0.00305850211389887 1 1 1 1 0.310911060933807 3.3486797977511e-17 1 0.184298673819618 1 1 1.42415855418312e-10 0.0180715914332431
QL.VIII.58 1 0.0808085576066483 1 9.92816019346275e-46 1 1 4.62093144785406e-10 1 1.66784957313638e-146 1 1 1 1 1 1 3.22212295357705e-35 1 1 1 1 1 1 1 1 1 1 1 1 1 1
QL.X.138 1 1 0.0024333069886686 1 1 1 1 5.5696242382864e-30 4.16969477414827e-07 1 1 1 0 1 1 1 1 1 1 1 1 1 1 0.0858975017966248 1 0.0549400503593898 1 1 1 1
QL.XI.92 0.291276571237512 0.0139678884144103 4.90441718039762e-12 1 1 1 1 1.48572964902133e-37 1 1 0.000202265372916297 1 5.56894114343119e-20 1 0.0121591211789203 0.000672860315145899 0.0407100627099086 1 1 1 1 1 8.13034116617084e-42 6.14947581956054e-24 1 7.86631621420345e-64 1 1 1 1
QL.XII.47 0.0603156578239249 0.41432189057384 6.10565745983348e-05 2.03015677963441e-29 1 1 1 0.0133395624755952 0.0772477722409655 1 8.23988784148622e-05 1 6.25737830497973e-07 0.62681920435466 6.16832147059255e-07 0.0153806096671178 1 1 1 1 1 1 3.20947083846143e-22 3.18128924484107e-23 1 1.13293646842958e-46 1 0.861700841274659 0.0642781935433018 0.00634923297133036
QL.XII.61 1 0.0139678884144103 0.00145826456837244 0.0593329704527328 1 1 1 8.0394937422309e-05 0.00951880256348695 1 0.0138222497696232 1 1.15417834716568e-32 1 0.00648197182245031 0.292777113919513 1 1 0.222678440168948 1 1 1 0.0134970861814487 6.14947581956054e-24 0.00169670293554273 1.85532022422594e-75 1 1 1 1
QS11 0.598057708403256 0.41432189057384 1 0.079745749046179 0.0322250931300643 1 0.863921991597068 1 0.000375849732932155 1 1 1 1 2.3028248815763e-81 0.000367895465644806 0.169819800271113 1 2.32184676781085e-05 1 1 1 1 1.7107422429977e-09 1.13001308495098e-06 4.231440256089e-05 9.26911893804561e-33 1 0.601690745283257 0.0642781935433018 0.0180715914332431
Quizartinib 1 0.00509037190626407 6.10565745983348e-05 1 1 1 1 2.50933044311578e-20 1 1 3.05454115227876e-07 1 0.0377759694316967 1 4.06404383789398e-05 8.59360343630573e-07 0.451042015439041 1 1 1 1 1 3.3365222448806e-11 3.55928333245384e-90 1 4.67902862353444e-110 1 0.725400411649777 1 4.07059965975719e-13
Rapamycin 1 0.0808085576066483 0.0267700617541783 1 1 1 1 1 1 1 0.051061682479843 1 1 1 0.0953296320421454 0.113065516844005 1 0.502208380088726 1 1 1.91788635258204e-05 1 0.0286977935101373 0.626656791217476 0.0107432584609334 1 6.8975428483239e-85 1 1 1
Refametinib 1 1 1 0.0226189198092572 1 0.0260223642229227 0.0582134606872374 1 7.25412476406342e-37 1 1 1 1 0.0678486875556899 4.06404383789398e-05 0.057478042696765 1 1 0.00154514893329891 1 1 0.052997481685273 0.10918236398901 4.7879313352061e-125 0.24768202491464 1 1 1 1 1
RO.3306 1 5.15197336249392e-07 1 1.50499339838806e-63 1 1 0.000944973304755103 1 1.32335250330941e-114 1 1 1 1 0.0378264893791292 1 2.98346898253116e-23 1 1 1 1 1 1 1 1 1 1 1 1 1 1
rTRAIL 1 6.6261684784289e-33 1 0.421397921298949 1 2.90414217751424e-53 0.120442313055646 1 0.00951880256348695 1 1 1 1 0.00022803659940459 0.834975775520711 0.0919839325933066 1 0.0103646186889445 1 1 1 5.91673494662787e-16 1 1.63408786000656e-43 0.165324915796627 1 1 0.222123510819405 0.208447673544305 0.121030370424144
Rucaparib 1 0.816750441743856 2.06316749538771e-18 0.079745749046179 1 1 1.78863858786368e-20 0.00471253738719194 7.25412476406342e-37 1 1 1 1 1 1 1.71860531724524e-31 0.451042015439041 1 1 1 1 1 2.47527640196565e-16 0.141673812672166 1 6.02569984342074e-35 1 1 1.26923364164234e-09 1
Ruxolitinib 1 0.486757319351957 0.00085665479479102 1.20606319737476e-06 1 1 1 1 0.533946039603688 1 0.758856132919345 1 0.604390858975479 0.0100061582385484 0.0121591211789203 0.752057237319668 1.11364308918101e-06 1 1 1 1 1 1.15545380733359e-29 2.28863936733454e-08 1 6.46440230443656e-48 1 0.481792113074837 1 1
S.Trityl.L.cysteine 1 0.726560335192625 1 1.03932607120332e-48 1 1 1.2313245823855e-19 1 5.45019414635252e-40 1 1 1 1 1 1 5.52997967048948e-36 1 1 1 1 1 1 1 1 1 1.76287158797908e-39 1 0.0210342619195963 0.0228611022719651 1
Salubrinal 1 0.162015300255546 1.20079542274246e-07 1 1 1 1 1 1 1 1 1 1 1.33014128284357e-51 0.0121591211789203 7.94852807130338e-05 1 0.78901681937033 1 1 1 1 1 1.21297746182735e-35 1 6.4178061078084e-88 2.01830216007904e-05 9.29815033955013e-28 0.000100023676636669 1
Saracatinib 1 0.0101907096576828 1 8.77662486414481e-44 1 1 1.05065130146011e-10 1 2.369232943123e-133 1 1 1 1 1 1 7.86504717281477e-45 1 1 1 1 1 1 1 1 1 1 1 1 1 1
SB216763 1 0.244811360583826 1 1 1 0.00804440188339467 0.0149727587975945 3.30205867201272e-130 0.468528803397644 1 0.000202265372916297 1 6.20752903824728e-42 1 4.06404383789398e-05 0.113065516844005 0.624153887175625 1 0.48421459794742 0.223163655318771 1 1 0.0286977935101373 0.0141856273543965 0.0380328907132057 0.341615065849239 1 1 1 1
SB505124 1 5.97129298176716e-05 1.80665733263093e-17 1 1 1 1 0.00210485127650294 1 1 1 1 2.44309975379894e-26 3.51135248817674e-43 1 0.000672860315145899 1 1 1 1 1 1 0.0134970861814487 1.86127947562487e-20 1 1.59737877283271e-115 1 1 1.41021977582505e-12 1
SB52334 1 1 1 1 1 1 1 2.06557273524029e-09 1 1 1 1 2.44535874339597e-292 1 1 1 1 1 1 0.727432824483386 1 1 1 4.78353988352869e-13 1 6.02569984342074e-35 1 1 1 0.600711374660518
SB590885 1 1 1 1 1 1 1 1 1 1 1 1 1 1 1 1 1 1 1 1 1 1 1 0 1 1.62423449384839e-12 1 1 1 1.62515067527645e-104
Seliciclib 1 0.00025716080498156 1 1 1 7.30215821794368e-69 0.000196703005877339 1 1 1 1 1 1 6.29994688100922e-78 1 1 1 0.107642264353925 1 1 1 6.46154140259555e-18 1 1 1.9551054351203e-23 1.50605094675834e-28 1 0.725400411649777 1 1
Selisistat 1 0.0352018578390209 1.44568404997486e-16 4.02331895967315e-10 1 1 1 1 0.177170400043151 1 1 1 1 0.0871099774797335 1 1.57316750084771e-15 1 1 1 1 1 1 0.771553720675495 4.69010706586787e-62 1 2.58057898557944e-86 1 0.0514537792457663 0.0642781935433018 1
Selumetinib 1 0.0139678884144103 1 1 1 0.0964832981439991 0.389870219068331 1 0.000375849732932155 1 1 1 1 1 1 1 1 1 1 1 1 1 0.10918236398901 0 0.000185030065491694 1 1 1 1 3.80137221749429e-96
Sepantronium.bromide 1 0.41432189057384 0.337707863574365 1.31318697737908e-07 1 1 0.863921991597068 0.707978692604348 8.20885768526304e-29 1 1 1 0.0121919034129043 1 3.20123545058905e-06 0.00149717699598887 1 4.3176829151511e-26 1 1 1 1 0.665608256647156 5.74612944547584e-08 1 1.86065571513088e-16 1 0.000603073471547627 1.4740895717533e-11 0.600711374660518
Serdemetan 1 0.000171325165437477 1.30634713497368e-19 2.1951232958099e-05 1 1 1.43001181433412e-06 1 3.54788473910382e-98 1 1 1 1 1 1 1.06493558996866e-71 1 1 1 1 1 1 0.665608256647156 0.0270639343377658 1 1 1 1 1 1
SGC0946 1 0.0352018578390209 1 2.50770505161562e-36 1 1 0.60669316702426 1 3.52536921148314e-19 1 1 1 1 1 1 3.22212295357705e-35 1 1 1 1 1 1 1.85262542736349e-06 0.000532048963062228 1 3.5817042059386e-49 1 0.861700841274659 0.0642781935433018 1
Shikonin 1 0.000678481840872221 1 1 1 1 1 1 1 1 1.09240471412916e-19 2.76338496884617e-18 1 1 1 1 1 1 1 1 1 1 0.000388079751188232 4.48761064036671e-190 1 0.0118754319899405 1 1 0.208447673544305 9.70893886586422e-24
SL0101 1 0.0614091420245157 1 7.7854472430697e-54 1 1 1.16090400197219e-07 1 5.22174173022337e-58 1 1 1 1 1 1 3.51808601855602e-57 1 1 1 1 1 1 1 0.019642060968433 1 1.70753829646024e-05 1 1 0.000464150762896257 1
SN.38 1 7.87249635571091e-27 2.35380227558019e-05 4.60985225764351e-16 1 1 0.0582134606872374 0.0596977111784764 0.001812537237511 1 1 1 1 1 3.20123545058905e-06 7.09541484886954e-08 5.20387395691535e-15 0.00305850211389887 1 1 1 1 1.27891849175544e-10 4.78353988352869e-13 1 1 1 0.481792113074837 0.000464150762896257 0.121030370424144
SNX.2112 1 0.0808085576066483 1 1.31318697737908e-07 1 1 0.0582134606872374 1 1.67037092901302e-142 1 1 1 1 1 1 9.86257357770119e-74 0.080319816351195 1 1 1 1 1 1 0.019642060968433 1 0.449900611955713 1 1 1 1
Sorafenib 0.0603156578239249 0.0139678884144103 0.0119387319121266 1 1 1 1 1 1 1 3.05454115227876e-07 0.784757217915323 1 2.09762355890579e-06 0.0953296320421454 1.96165954725816e-05 1 0.422744109188817 1 1 1 1 5.84400112100319e-05 8.92584962893618e-88 1 2.5318627382998e-58 1 0.385757586550673 1 2.71387289679174e-11
STF.62247 0.116746132864282 0.244811360583826 0.657909928608603 0.0226189198092572 1 1 1 1 0.00951880256348695 1 0.837698770527999 0.0187792950198981 1 0.0378264893791292 0.297107510212745 0.141257876469594 6.81001051311835e-09 0.422744109188817 1 1 1 1 0.0134970861814487 7.04989651132497e-27 1 1.85532022422594e-75 0.000494917421423428 0.861700841274659 1 1
Sunitinib 1 0.726560335192625 1 0.079745749046179 1 1 0.00569543143706964 1 1.21031745414872e-134 1 1 1 1 1 1 1.36266678168448e-88 1 1 1 1 1 1 5.84400112100319e-05 0.000900581307790611 1 1 1 1 0.00192428426697923 1
T0901317 1 0.41432189057384 7.20306128811642e-15 8.811707259323e-12 1 1 1 1 0.835738450909275 1 3.05454115227876e-07 1 1 4.94638434280447e-05 4.06404383789398e-05 2.45280308818667e-10 0.451042015439041 1 1 1 1 1 2.00008194992834e-25 1 1 3.00894641136992e-119 1 0.0210342619195963 1.93808890005098e-05 1
TAK.715 1 0.102188030285871 0.00145826456837244 4.60985225764351e-16 1 1 0.389870219068331 1 0.00353770642454112 1 1 1 1 2.09762355890579e-06 0.0219047935368601 3.97517964797635e-20 1 0.000141488851055957 1 1 1 1 1 0.902621055385051 1 7.79985321979065e-98 1 0.290671348982448 1 1
Talazoparib 1 0.0614091420245157 1.06162783068364e-15 0.00436449620925192 1 1 1.2313245823855e-19 1 9.14592696910822e-25 1 1 1 1 1 4.06404383789398e-05 2.41352412845927e-18 0.624153887175625 0.285883695606992 1 1 1 1 0.000116203154458012 0.00312361828567548 1 1.92792452024923e-45 1 6.43334913884323e-05 1.27556879425412e-20 1
Tamoxifen 1 0.00333716768723338 1 2.16874469906273e-108 1 1 0.00290836072116084 1 1.67349944082804e-75 1 1 1 1 1 1 5.52997967048948e-36 1 1 1 1 1 1 1 1 1 0.849104040915827 1 1 1 1
Tanespimycin 1 6.34332828143994e-54 0.00773591557579307 0.591689439437503 1 1 2.01154432067947e-16 1 2.04758386178467e-38 1 1 1 1 0.0678486875556899 1 0.000126020396949976 1 1 1 1 1 1 0.000116203154458012 0.000117692097052062 0.817426474531032 1 1 1 1 1
Temozolomide 1 0.000979799060353581 1.30634713497368e-19 1.01723689810531e-49 1 1 0.306647563000153 1 8.34200318356804e-110 1 1 1 1 1 1 9.76149565763817e-21 1 1 1 1 1 1 0.470425833268234 1 1 0.000486087151116454 1 1 1 1
Temsirolimus 1 3.16812342369527e-08 2.69681766899682e-13 0.0305800487966977 1 1 0.00041095665647054 1 1.73671700961229e-08 1 1 1 1 2.72330090986399e-18 1 5.58585213096553e-22 0.624153887175625 1 1 1 1 1 1.81975202232435e-63 2.23392118214041e-05 1 0.341615065849239 1 1 1 1
TGX221 1 1 1 1 1 1 1 3.01066453638924e-15 1 1.01251924855509e-07 1.44861292633384e-08 1.33163967125278e-241 4.15246376873497e-09 1 1 1 1 1 1 1 1 1 0.000698371356331211 0.807995735054723 0.205473485756146 1 1 1 1 1
Thapsigargin 1 1 2.06316749538771e-18 1.20606319737476e-06 1 1 4.69501043967754e-06 1 7.38441130379629e-84 1 1 1 1 7.13005549568374e-08 3.20123545058905e-06 7.10532046788247e-62 1 1 1 1 1 1 1 0.019642060968433 1 1.70753829646024e-05 1 1 1 1
THZ.2.102.1 1 0.353018933643968 0.0647006092868454 2.03015677963441e-29 1 1 0.60669316702426 1 3.52536921148314e-19 1 1 1 6.25737830497973e-07 1 1 1.24281610374496e-28 1 0.181816740197351 1 1 1 1 1 4.86008793691563e-07 1 1.00700504499379e-51 1 1 1 1
THZ.2.49 1 0.0482918499946641 2.77500042939482e-06 1 1 1 1 1 1 1 0.412111674396007 0.168916591158843 1 0.394206327849235 0.0374962639908125 7.94852807130338e-05 1 2.63453078933777e-12 1 1 1 1 1 2.4143178633334e-32 1 1.50605094675834e-28 8.69424235928905e-07 2.41100084445644e-13 1 1
Tipifarnib 1 8.89034514282598e-38 4.22332778375814e-06 4.6071089813843e-18 1 1 0.0149727587975945 1 0.91763222058476 1 1 1 1 0.222556153557955 0.00114661521958342 6.19256001620216e-28 1 1 1 1 1 1 1 0.000900581307790611 1 1.70790077419518e-78 1 0.000603073471547627 0.208447673544305 1
Tivozanib 0.00181654839134947 1 1.30634713497368e-19 5.14657157058436e-07 1 1 1 0.351991930267659 0.533946039603688 1 3.05454115227876e-07 1 0.297605372518215 0.000907408499584217 1 0.245670278044477 0.080319816351195 1 1 1 1 1 3.70393020680855e-102 3.90253672253582e-21 1 5.10897973708572e-43 1 1 1 1
TL.1.85 7.32091114988946e-09 0.0139678884144103 4.90441718039762e-12 0.00306158678368067 1 1 1 1 1 1 1.65638073412401e-12 0.0275087682002271 1 2.46877180001136e-05 0.0471758717119073 0.057478042696765 0.00393339446046113 1 1 1 1 1 2.51534961789856e-32 1.21297746182735e-35 1 1.54759398689066e-25 4.44385223945109e-06 0.222123510819405 1 0.295628810909397
TL.2.105 1 0.244811360583826 1.83213313701576e-07 1 1 1 1 1 1 1 1 1 1 2.79120950715052e-09 0.834975775520711 0.752057237319668 1 0.285883695606992 1 1 0.000419730150647935 1 0.191251245355681 5.97034410806999e-12 1 3.79878572419965e-96 1 0.290671348982448 1 1
Tozasertib 1 0.00696719456162081 1 8.38899423357236e-33 1 1 4.16449007240488e-07 1 3.29127266284039e-22 1 1 1 1 1 1 9.64757383688787e-52 1 0.422744109188817 1 1 1 1 0.561394648141915 0.0858975017966248 1 5.51788933649951e-05 1 3.03483167238006e-11 5.4020370878013e-07 1
TPCA.1 0.00580729173622649 0.0482918499946641 4.55033419361306e-14 0.00176129802248581 1 1 1 0.0596977111784764 0.0622092290722538 1 0.758856132919345 0.00573193500479986 0.0282979754794289 9.1464790718351e-10 9.9162889328478e-06 0.169819800271113 1 5.40753772924588e-07 1 1 1 1 0.310911060933807 1.71035796487371e-12 1 3.8014510928703e-83 1 0.861700841274659 1 1
Trametinib 1 0.000678481840872221 1 1 1 2.51908970721688e-25 1 1 1 1 1 1 1 0.0149316090967035 3.20123545058905e-06 1 1 1 1 1 1 7.36983916850124e-07 1 3.06806910734458e-287 0.644197145196252 1 1 1 1 3.12954024761072e-31
Tretinoin 1 0.00025716080498156 1.53047462631489e-11 1 1 1 1 0.707978692604348 0.147408658634332 1 1 1 0.253366169796239 1 1 5.40769701966079e-05 0.207903048470449 1 1 1 0.460104252908968 1 3.94798939926628e-91 0.000328351015906508 1 5.10897973708572e-43 1 1 0.000464150762896257 1
Tubastatin.A 1 1 3.24109509605112e-10 1 1 1 1 5.05519131343449e-31 1 1 1 1 2.77097981474193e-158 0.00318990880324631 4.06404383789398e-05 1 1 1 1 1 1 1 0.771553720675495 0.00970447558829045 1 1.1634503580212e-66 1 1 1 1
TW.37 1 0.559921978564493 1 0.0103226890585751 1 1 0.60669316702426 1 1.37470936672697e-21 1 1 1 1 0.00318990880324631 1 0.0344653460092803 0.00393339446046113 1 1 1 1 1 9.76737952385072e-18 2.36376870699038e-149 1 1.18077804893133e-22 1 1 0.000100023676636669 1
UNC0638 1 5.97129298176716e-05 8.92535817490569e-07 1 1 1 1 4.45497444223736e-10 4.16969477414827e-07 1 0.00141282055454185 1 0.00243636845686766 1 0.00243272853333021 7.94852807130338e-05 1 1 1 1 1 1 3.78001191020999e-34 2.05769228417873e-224 1 1.10646924895238e-09 1 1 1 1
UNC1215 1 0.000171325165437477 1 9.22672600255747e-52 1 1 0.306647563000153 1 2.27877414659507e-20 1 1 1 1 1 1 9.30801142339916e-75 1 1 1 1 1 1 0.0134970861814487 0.713552330350205 1 2.21631294996968e-08 1 0.222123510819405 0.208447673544305 1
Veliparib 1 0.486757319351957 1 2.1951232958099e-05 1 1 0.389870219068331 0.452624424523901 0.0982031192793344 1 1 1 1 6.35285351817241e-46 6.16832147059255e-07 0.292777113919513 1 1 1 1 1 1 4.98340262329841e-17 1.40533526466386e-16 1 7.79985321979065e-98 1 1 0.00192428426697923 1
Vinblastine 1 0.0193092577136147 1.44568404997486e-16 0.0148160273726528 1 1 7.94564779486725e-09 1 1.86221905194047e-124 1 1 1 1 1 1 4.85330153134253e-59 1 1 1 1 1 1 0.771553720675495 0.540598976864275 1 1 1 1 1 1
Vinorelbine 1 0.00333716768723338 9.55744343065834e-13 1.35859742480663e-09 1 1 1.2313245823855e-19 1 1.04311742097419e-51 1 1 1 1 1 3.20123545058905e-06 1.44079354810852e-97 1 1 1 1 1 1 1 0.141673812672166 1 1 1 0.601690745283257 1 1
Vismodegib 1 0.726560335192625 9.55744343065834e-13 9.22672600255747e-52 1 1 1 1 3.29127266284039e-22 1 1 1 1 0.000342642018891801 1 0.169819800271113 1 1 1 1 1 1 0.042164492395462 2.4143178633334e-32 1 2.51881947424595e-54 1 0.725400411649777 0.00192428426697923 1
VNLG.124 1 0.244811360583826 1.35656455284541e-09 0.3464401070874 1 1 1 0.00210485127650294 0.177170400043151 1 2.35307993866718e-23 0.680384682564582 0.0121919034129043 0.394206327849235 0.253362224702543 0.000466245127615837 0.0407100627099086 1 1 1 1 1 4.94082677894474e-13 3.3486797977511e-17 0.000496828409135572 1.00821977090979e-21 1 1 1 1
Vorinostat 1 0.643187659331714 0.0647006092868454 3.68494195889129e-14 1 1 0.172863287757807 1 6.48057795431864e-06 1 1 1 1 4.97208922338327e-14 1 0.000466245127615837 1 1 1 1 1 1 1 0.17845476134527 1 6.28735872464234e-139 1 0.222123510819405 2.23556675334778e-19 1
VX.11e 1 1 1 1 1 5.40002973965201e-32 1.16090400197219e-07 1 1 1 1 0.890785249280019 1 1 0.0471758717119073 1 1 1 3.55848227894199e-09 1 1 7.36983916850124e-07 1 9.65742352842603e-31 5.17897219689444e-133 0.706796262652279 1 1 1 0.00201370309049938
VX.702 1 0.0482918499946641 1.80665733263093e-17 0.0148160273726528 1 1 1 1 0.0482757350096647 1 0.010083489827487 1 1.93188190286021e-07 2.08532642004451e-16 6.16832147059255e-07 0.292777113919513 1 1 1 1 1 1 6.30277300818034e-07 6.76090259912457e-11 1 5.30836412578498e-71 1 1 1 1
Wee1.Inhibitor 1 0.643187659331714 1 2.15246494749529e-25 1 1 1.95467537835311e-09 1 6.21221006813952e-206 1 1 1 1 1 1 1.24521477305952e-16 1 1 1 1 1 1 0.0194226011178323 0.000900581307790611 1 0.449900611955713 1 1 1 1
WH.4.023 0.291276571237512 0.102188030285871 1 0.0305800487966977 1 1 2.51887642659829e-21 1 4.4156010122643e-87 1 0.00389786562233462 5.49771303101803e-19 1 1 1 3.22212295357705e-35 1 2.32184676781085e-05 1 1 1 1 1 0.00710307346420632 1 1 1 0.481792113074837 0.00707431860351838 1
WHI.P97 1 0.00333716768723338 1.80665733263093e-17 1.50499339838806e-63 1 1 0.00041095665647054 1 8.20885768526304e-29 1 1 1 1 1 1 4.32571925967317e-82 1 1 1 1 1 1 1 1 1 3.77620606497192e-18 1 1 1 1
WZ.1.84 1 7.50276691472235e-09 1.06162783068364e-15 2.15246494749529e-25 1 1 7.31906301272467e-25 1 8.54511593310261e-222 1 1 1 1 1 1 0.916147140482313 1 1 1 1 1 1 1 1 1 1 1 1 1 1
WZ3105 1 1 0.507117296800381 4.02331895967315e-10 1 1 0.389870219068331 1 0.000565387642710725 1 1 1 0.0163176803779876 1 0.00166187324699012 9.15854319635759e-12 1 1 1 1 0.00066337617280947 1 0.0194226011178323 1.13001308495098e-06 4.231440256089e-05 1.20205086853144e-40 8.69424235928905e-07 0.385757586550673 1 1
XAV939 1 0.0808085576066483 1 3.51900467882672e-26 1 1 0.863921991597068 1 1.47598247449444e-65 1 1 1 1 1 6.16832147059255e-07 3.64410524415679e-43 1 1 1 1 1 1 1 1 1 1 2.28816620244621e-26 1 1 1
XMD11.85h 1 0.41432189057384 1 3.05485126397632e-06 1 1 0.49433772586804 1 1.12824992816766e-93 1 1 1 1 1 1 0.00207149829151984 1 1 1 1 1 1 5.2592351709602e-23 1.16531050785062e-24 1 3.77620606497192e-18 1 1 1 1
XMD13.2 1 0.199582975764142 0.00145826456837244 2.03680621333002e-15 1 1 0.00569543143706964 1 1.73671700961229e-08 1 1 1 1 0.0199504465362092 4.06404383789398e-05 1.04491032321389e-33 1 0.0103646186889445 1 1 1 1 0.470425833268234 0.037618286104156 4.231440256089e-05 3.79878572419965e-96 1 0.481792113074837 3.39504566881882e-06 1
XMD14.99 1 0.102188030285871 4.90441718039762e-12 0.3464401070874 1 1 1 1 2.93010821659059e-05 1 0.412111674396007 1 6.25737830497973e-07 0.62681920435466 4.06404383789398e-05 0.000672860315145899 1 1 1 1 1 1 1.19651733228827e-15 6.8483408750442e-160 1 2.58057898557944e-86 1 1 1 1
XMD15.27 1 0.199582975764142 2.35380227558019e-05 0.501778313394486 1 1 1 1 0.0982031192793344 1 0.0138222497696232 1 1 0.714866719264392 3.20123545058905e-06 0.000992351225294051 1 1 1 1 1 1 9.76737952385072e-18 2.8147316619034e-66 1 4.28169651308468e-68 1 0.725400411649777 1 1
XMD8.85 0.291276571237512 0.000410444708403488 4.55033419361306e-14 3.05485126397632e-06 1 1 0.120442313055646 0.00210485127650294 1.64162911448352e-05 1 0.000652619740127683 1 1 0.000907408499584217 9.9162889328478e-06 1.03061187439768e-40 5.29498329556806e-06 0.502208380088726 1 1 1 1 6.56321040566844e-08 3.94497475317399e-26 1 0.449900611955713 1 0.222123510819405 0.0642781935433018 1
XMD8.92 1 0.0352018578390209 2.06316749538771e-18 0.00683760741791933 1 1 0.306647563000153 1 2.83968192850904e-55 1 8.23988784148622e-05 1 1 1 1 4.18937555372792e-49 0.624153887175625 1 1 1 1 1 1.85262542736349e-06 6.76090259912457e-11 4.231440256089e-05 1.62423449384839e-12 1 1 1 1
Y.39983 1 0.244811360583826 6.10565745983348e-05 0.0103226890585751 1 1 0.172863287757807 0.851759534628244 0.756315625080537 1 0.00549302262079996 0.00573193500479986 0.00336621520831031 0.00712049794991614 0.676883972365376 0.000466245127615837 9.54509137537332e-05 1 0.386649830490189 1 1 1 1.86434434806482e-18 2.23392118214041e-05 0.7300043730372 7.95443640641074e-42 5.59456657394589e-05 1 1 1
YK.4.279 1 1.33429632398712e-09 1 2.1951232958099e-05 1 1 0.00041095665647054 1 1.84633036278505e-70 1 1 1 1 1 1 8.56633155526065e-64 1 1 1 1 1 1 0.00830908197611713 0.019642060968433 1 1 1 1 1.02568047597749e-14 1
YM201636 0.598057708403256 0.00228198724044337 0.104664187494688 0.00306158678368067 1 1 1 1 1 1 1 1 0.755828637221433 0.00318990880324631 0.00648197182245031 0.000202561367576835 1 8.70348726416397e-56 1 1 1 1 1 4.32710426673098e-05 1 9.93983012419793e-105 0.000494917421423428 1.26915055165666e-19 0.208447673544305 1
Z.LLNle.CHO 1 2.70273182230785e-48 4.90441718039762e-12 1.35213559227178e-28 1 1 0.732247470823069 1 9.77249930171162e-82 1 1 1 1 1 1 0.833151732914157 1 0.0227541930175328 1 1 1 1 0.042164492395462 0.000216340587077036 1 5.00499733068828e-06 1 1 1 1
ZG.10 1 0.000410444708403488 1 1.0709937482675e-72 1 1 0.000196703005877339 1 1.76853507320715e-53 1 1 1 1 1 1 6.7212406633633e-24 1 1 1 1 1 1 0.10918236398901 0.00457721446009275 1 3.67808963884872e-07 1 1 0.0642781935433018 1
Zibotentan 1 0.353018933643968 2.35380227558019e-05 6.87545728436652e-05 1 1 1 1 0.0982031192793344 1 1 1 1 0.000907408499584217 6.16832147059255e-07 4.41994061305519e-07 1 1 1 1 1 1 0.000116203154458012 5.12515590925735e-61 1 1.54687959195881e-89 1 0.725400411649777 1.24903856669315e-13 1
ZM447439 1 0.000979799060353581 1.20079542274246e-07 2.1917837471286e-17 1 1 4.16449007240488e-07 1 1.37470936672697e-21 1 1 1 1 0.00318990880324631 3.20123545058905e-06 1.03061187439768e-40 0.451042015439041 1 1 1 1 1 0.0194226011178323 0.000328351015906508 1 3.5817042059386e-49 1 0.861700841274659 0.000100023676636669 1
ZSTK474 1 0.00025716080498156 0.55491661147179 0.107539015345264 1 1 1 1 1 1 4.2044446292903e-19 0.0981668515619874 1 1 0.00243272853333021 1 1 8.70348726416397e-56 1 1 1 1 1 0.902621055385051 1 6.02569984342074e-35 0.000204683489340617 7.0269691534115e-46 1 1
