ACC BLCA BRCA CESC CHOL COAD ESCA GBM HNSC KICH KIRC KIRP LGG LIHC LUAD LUSC MESO OV PAAD PCPG PRAD READ SARC SKCM STAD TGCT THCA UCEC UCS UVM
X.5Z..7.Oxozeaenol 1 1 1 1 1 1 0.306647563000153 1 1 1 1 1 9.9150183778908e-06 1 0.000810375485160794 0.000672860315145899 1 1 1 1 0 1 1 1 0.7300043730372 1 8.69424235928905e-07 1 1 1
X5.Fluorouracil 0.00580729173622649 8.77256822581646e-11 1 1 0.00825306933562802 1 0.389870219068331 1 1 1.42912013947045e-72 0.0308341601588967 0.336670901873338 1 2.76349445859262e-11 2.87240157734508e-18 1 5.29498329556806e-06 1 0.00449457014552917 1 0.524829473066227 1 0.0194226011178323 1 0.00772465866004913 1 1.63132870623992e-09 1 1 1
A.443654 1 1 1 1 2.27400043879712e-17 1 1 1 1 1 0.261134131082213 0.00015863939972131 1 0 1 1 1 1 1 1 1 1 1 1 4.231440256089e-05 1 1 1 1 1
A.770041 1 1 2.35380227558019e-05 1 1 0.0183642502223345 1 1 1 1 1 1 2.16792020239748e-06 0 9.9162889328478e-06 1 1 1 0.863170380420637 2.35787956957953e-07 1 1 1 0.000328351015906508 0.000185030065491694 1 1 1 1 5.57770780259771e-08
Afatinib 0.598057708403256 1 1 1 1 1 1 5.05519131343449e-31 1 1 1 1 2.66587496242408e-60 1.35656639888135e-19 1 1 1 1 0.386649830490189 5.87595326836686e-142 1 1 0.000388079751188232 0.112214524415047 1 1 1 1 1 1
AICA.Ribonucleotide 1 1 1 1 0.00825306933562802 0.00804440188339467 1 1 1 8.00737219334035e-39 0.000129776714324197 8.51134262595959e-178 1 0.00318990880324631 1 1 1 0.422744109188817 6.06756543197505e-41 1 1 1 1 1 0.0646746152465404 1 0.0113336230654167 0.861700841274659 1 1
AKT.inhibitor.VIII 1 0.00025716080498156 2.06316749538771e-18 1 1 1 1 7.92141102047409e-67 0.91763222058476 1 1 1 8.47910737389549e-19 1 1 1 1 1 2.05951232443939e-30 1.34946928922665e-233 1 1 1 1 0.00169670293554273 1 1 1 1 1
Alectinib 1 1 1 1 0.00825306933562802 0.783396736754397 0.0582134606872374 1 1 1 1 1 3.00021634475213e-08 1 9.9162889328478e-06 1 1 1 1.10608493486116e-89 3.48186288305705e-120 1 1 1 1 6.31422017534802e-30 1 0.00150742289518984 1 1 1.66668791982751e-06
Amuvatinib 1 1.33429632398712e-09 1 1 1 0.0388918508292957 7.94564779486725e-09 1 8.52840784504296e-16 1 1 1 1 1 0.00243272853333021 0.00207149829151984 1 1 2.99440082926761e-152 1 1 1 1 1 6.31422017534802e-30 0.706796262652279 1 1 1 1
AR.42 1 2.56501583839323e-12 0.038884114737082 0.0305800487966977 1 1 0.172863287757807 1 0.1191706760207 1 1.06793928112743e-06 1 1 1.35656639888135e-19 1 0.00149717699598887 1 1 1 1 9.43711430673095e-200 1 1 1 1 1 1 1 1 1
AS601245 1 1 9.55744343065834e-13 1 1 1 1 0.131093989166456 1 1 1 1 0 1 1 1 1 1 0.293882187541154 1.47699431818547e-24 0.0434671846998322 1 1 1 1 1 1 1 1 1
AS605240 1 0.0808085576066483 1.01498652613233e-87 1 1 1 1 1 0.835738450909275 0.00151624990593867 8.23988784148622e-05 0.00573193500479986 0.0282979754794289 0.00022803659940459 1 4.36250797983129e-06 1 1 1 4.12987120607176e-13 0.0080141436783289 1 0.00339241066414717 1 1 1 8.69424235928905e-07 1 1 1
AT.7519 1 1 5.95263061606273e-108 1 1 0.783396736754397 1 1 1 1 3.05454115227876e-07 0.0390297744289285 1 1 1 1 1 1 1 1 5.2262811052885e-103 0.00709394030804454 1 1 1 1 1 1 1 1
Avagacestat 1 1 3.97888518965943e-188 1 1 1 1 1 1 1 1 1 1 1 1 1 1 1 0.386649830490189 1 1.88356834327739e-62 1 1 1 1 1 1 1 1 1
Axitinib 1 0.00025716080498156 5.72713697893376e-06 0.687217237536581 1 4.52108754856661e-48 0.732247470823069 1 1 0.384344128580942 1 1 1 1 0.603712758390689 1 1 1 1.5364852383709e-26 1 0.916048833886447 3.41111150973788e-30 1 1 0.7300043730372 1 2.75792085267832e-06 0.004199493956855 1 1
AZ628 1 1 4.50662653906961e-299 1 1 1 1 1 1 1 1 1 1 1 3.20123545058905e-06 4.36250797983129e-06 1 1 1 1 0.004141358524399 1 1 1 1 1.23486128777538e-15 1 1 1 1
AZD6482 1 1 1.44568404997486e-16 0.3464401070874 1 2.04227701188415e-96 4.84725983186904e-12 1 1 1 1 1 1 1 0.176358412783183 0.057478042696765 1 0.00305850211389887 2.93456500274093e-20 0.223163655318771 1 1.27097793637263e-40 1 1 1.64579013975203e-46 1 1 1 1 1
AZD7762 1 1 8.18855100545676e-32 1 1 1 1 1 1 1 1 1 1 1 1 1 1 1 1 1 0 1 1 1 1 1 1 1 1 1
AZD8055 1 0.0139678884144103 1 0.421397921298949 1 4.72793570731904e-46 1.2313245823855e-19 1 1 1 1 1 1 1 0.0219047935368601 1 1 3.62924790876856e-11 3.55848227894199e-09 1 0.0434671846998322 4.27250952182404e-22 1 1 1.07846728287021e-38 1 1 1.11058520377316e-08 1 1
BAY.61.3606 1 1 5.35805759340794e-111 1 1 1 1 1 1 0.384344128580942 1 1 1 1 1 1 1 1 1 1 1.28809976694401e-136 1 1 1 1 1 1 1 1 1
Belinostat 1 0.293874539086203 0.0893054077553497 0.00306158678368067 0.0322250931300643 1 1 1 2.18102509707131e-06 1 0.305026906473616 0.0187792950198981 1 6.32816581086491e-97 4.06404383789398e-05 1.96165954725816e-05 1 1 1 1 9.68729115325363e-108 1 1 1 1 1 1 0.725400411649777 1 1
Bexarotene 1 5.97129298176716e-05 8.92535817490569e-07 1 1 1 1 1 1 3.58845893439415e-06 1 1 5.4170083352646e-53 1 1 1 1 1 8.3195461261028e-06 1.18813402006609e-230 3.2410110048287e-15 1 1 1 4.231440256089e-05 1 4.44385223945109e-06 1 1 1
BI.2536 1 1 2.06316749538771e-18 1 1 0.0123764033771275 0.60669316702426 1 1 1.98680354700157e-17 0.0813844698056356 0.411198739520439 2.16792020239748e-06 8.76791794512663e-06 0.176358412783183 1 1 1 1.81132743985032e-61 2.57934407990253e-28 0.671648503457691 0.237541952232501 1 1 3.46706780820756e-73 1 1 1 1 1
Bicalutamide 1 1 1 1 1 1 0.60669316702426 1 1 1 1 0.411198739520439 1 1 0.000152039289054112 1 1 1 9.31894495241558e-81 1 1.28809976694401e-136 0.0266030358303936 1 1 4.24955618713182e-42 1 1 1 1 1
BIX02189 1 1 0.825095737812513 1 1 1 1 1 1 1 1 1 1 1 1 1 1 1 0.726681053669946 1 0 1 1 1 0.644197145196252 1 1 1 1 1
Bleomycin 1 1 0.0219388907468592 1 1 1 1 1 1 1 1 1 9.9150183778908e-06 1 0.00648197182245031 1 1 1 1.99835016700125e-29 2.75762093347785e-29 6.30162059411802e-142 1 1 1 0.165324915796627 1 2.01830216007904e-05 1 1 1
Bleomycin..50.uM. 1 1 0.000666713794067513 1 1 1 1 1 1 5.54215711444658e-30 0.000652619740127683 0.00573193500479986 1 1 0.253362224702543 1 1 1 0.293882187541154 1 7.21379347927442e-263 1 1 1 0.082869202443305 1 1 1 1 1
BMS.345541 1 1 0.000279659342372432 1 1 1 1 1 1 1 1 1 1 6.69083799763322e-13 0.0471758717119073 1 1 1 3.4928870594507e-16 1 4.02235351978893e-174 1 0.0194226011178323 1 0.165324915796627 1 1 1 1 1
BMS.509744 1 0.907213057601225 1.97551862000286e-10 1 1 1 1 1 1 1 1 1 1 2.96439387504748e-323 0.000152039289054112 0.00149717699598887 1 0.0227541930175328 1 1 1 1 1 1 1 0.706796262652279 1 0.158743383549649 1 1
BMS.536924 1 1 4.69655832182639e-71 1 1 1 1 1 1 2.66581013773089e-70 8.23988784148622e-05 1 0.000368409469385924 1 1 1 1 1 1 1 6.04361045599558e-38 1 1 1 1 1 7.38468821956318e-15 1 1 1
BMS.754807 1 1 5.35805759340794e-111 1 1 1 1 0.258415462697688 1 1 1 1 4.76235453129264e-77 1 1 1 1 0.285883695606992 1 1 6.30446092490434e-06 1 1 1 1 1 0.00317845063246302 0.222123510819405 1 1
Bortezomib 1 1 0 1 1 1 1 1 1 1 1 1 1 1 1 1 1 1 1 1 0.000187546467292724 1 1 1 1 1 1 1 1 1
Bosutinib 1 1 0.941280294370223 1 1 1 1 3.88177921118028e-08 1 3.01690978650859e-15 1 1 3.22208635879201e-18 1 1 1 1 1 1.37190481053656e-36 7.11020800175568e-22 2.5294179084123e-71 1 1 1 0.205473485756146 1 1 1 1 1
Bryostatin.1 1 1 1 1 1 0.0388918508292957 0.389870219068331 6.30089597204522e-13 1 1 1 1 2.10410110438266e-151 1 9.9162889328478e-06 1 1 1 0.48421459794742 1.18171424707228e-149 2.82708119390804e-05 1 1 1 0.0380328907132057 1 1 1 1 1
BX.912 1 5.97129298176716e-05 7.29048920806996e-294 1 1 0.0964832981439991 0.389870219068331 1 1 1 1 0.27215932474731 1 1 1 1 1 1 1 1 0.598100751575496 1 1 1 0.205473485756146 1 1 1 1 1
BX795 1 0.129749033612065 5.07116245691019e-112 0.181823694982284 1 1 1 1 1 1 1 1 1 1 0.000152039289054112 1 1 3.27699103467418e-06 1 1 2.441626906491e-33 1 1 1 1 1 1 0.000291576279633067 1 1
Cabozantinib 1 1 3.9703163062952e-259 1 1 1 1 1 1 1 1 1 1 1 1 1 1 1 1 1 2.441626906491e-33 1 1 1 1 1 1 1 1 1
CAY10603 1 1.93196868181269e-17 4.55033419361306e-14 0.3464401070874 1 1 0.0375852785377065 1 0.000109250925312516 1 1 3.17901040588285e-06 1 0.329783240974126 9.9162889328478e-06 0.00820885172614636 1 1 1.77292190866683e-12 1 4.87422956333342e-86 1 0.383667927627521 0.464999857818802 0.301306432563015 1 0.402303691828798 1 1 1
CCT.018159 1 1 1.35656455284541e-09 1 1 1 1 1 1 2.66581013773089e-70 0.305026906473616 0.680384682564582 1 1 0.0161765492689792 1 1 1 2.0645212539276e-15 1 1.70544777597446e-187 1 1 1 0.355248171138962 1 4.44385223945109e-06 1 1 1
CCT007093 1 1 1 0.501778313394486 1 7.92099229915547e-140 0.00569543143706964 1 1 3.11042648677156e-11 1 1.24193027208219e-07 1 1 4.06404383789398e-05 1 1 0.893373295496982 8.41179048994676e-10 0.0227067748786299 1 5.16816408017373e-42 1 1 5.7263888709525e-12 1 0.402303691828798 1 1 1
Cetuximab 1 1 9.79825405088782e-73 1 1 1 1 0.258415462697688 1 1 1 1 0.00243636845686766 8.76791794512663e-06 4.06404383789398e-05 1 1 0.0595343916963719 1 1 7.71622113789041e-05 1 1 1.03455313929064e-41 1 6.02569984342074e-35 1 0.725400411649777 1 1
CGP.082996 1 1 1 1 2.46107429508902e-23 1 1 1 1 1 0.0138222497696232 1 1 0 0.00243272853333021 1 1 1 1 1 1 1 1 1 4.231440256089e-05 0.000168590502331933 1 1 1 1
CGP.60474 1 1 1 1 5.30952970246144e-16 1 1 1 1 1 1 1 1 0 0.00243272853333021 1 1 1 0.386649830490189 1 0.751870960166972 1 1 1 0.00385377921228133 0.0549400503593898 1 1 1 1
CHIR.99021 1 0.000678481840872221 2.77500042939482e-06 6.87545728436652e-05 1 1 4.84725983186904e-12 1 0.000109250925312516 2.06547180671607e-09 1 1 1 9.09776770472805e-11 0.0121591211789203 0.0153806096671178 1 1 0.222678440168948 1 4.33110784098643e-34 1 1 1 5.7263888709525e-12 1 1 1 1 1
CI.1040 1 1 7.57428518285312e-220 1 1 1 1 1 1 1 1 1 1 1 1 1 1 1 1 1 1.35522965005886e-32 1 1 1 1 1 1 0.222123510819405 1.93808890005098e-05 1
Cisplatin 1 1 1.00673849274228e-53 1 0.0322250931300643 0.890056004432422 0.389870219068331 1 1 1 1 1 1 1 0.000367895465644806 1 1 1 1.81132743985032e-61 1 1.70519589819576e-61 0.810994525122437 1 1 0.355248171138962 1 1 1 1 1
CMK 1 0.0808085576066483 0.0219388907468592 1 1 0.410586967874044 0.172863287757807 1 1 0.0460663626911023 1 0.0753595046414339 1 1.84658964325812e-154 0.0219047935368601 1 1 1 0.386649830490189 1 7.56501832210793e-35 0.810994525122437 1 1 1 1 1 1 1 1
CP466722 0.598057708403256 0.244811360583826 1.06162783068364e-15 1 1 1.6342379795695e-11 0.49433772586804 1 1 1 1 1 1 6.69083799763322e-13 0.000367895465644806 1 1 1 4.6292409784783e-42 1.95313048839002e-80 0.396438284859737 7.36983916850124e-07 1 1 1.46343848214473e-13 1 1 1 1 1
CP724714 1 1 1 1 1 1 1 1.37421092699447e-54 1 1 1 1 3.32315888565104e-120 1 3.20123545058905e-06 1 0.624153887175625 1 8.76302387598161e-12 4.81241278742688e-97 1.24918847909842e-06 1 0.147369534955769 1 1 1 8.69424235928905e-07 1 1 1
Crizotinib 1 1 2.79081268961898e-14 1 1 1 1 1 1 1 1 1 1 1 1 1 1 1 1 1 0 1 1 1 1 1 1 1 1 1
CUDC.101 1 1 1 1 1 0.0964832981439991 1 1 1 2.06547180671607e-09 0.412111674396007 3.41777157541209e-60 1 0.00022803659940459 0.253362224702543 1 1 1 1.8844087320033e-28 1 2.87403279042384e-143 1 1 1 1 1 1 1 1 1
CX.5461 1 1 1.01498652613233e-87 1 1 1 1 1 1 1 1 1 1 0.0505672569416437 1 1 1 1 1 1 5.69179436642941e-157 1 1 1 1 1 1 1 1 1
Cyclopamine 1 1.29218443378302e-38 1 1 0.00825306933562802 1 0.49433772586804 1 1 0.384344128580942 1 1 5.90762437025106e-70 1 1 1.96165954725816e-05 1 1 8.3195461261028e-06 3.74405297293962e-20 4.33110784098643e-34 1 1 1 0.0107432584609334 1 1 1 1 1
Cytarabine 1 1 1.90236078785343e-21 1 1 1 1 1 1 6.55817186685079e-21 5.02584395618237e-06 1 1 1 0.0121591211789203 1 1 1 0.0527258989585302 2.21654266758144e-92 3.77575856951027e-53 1 1 1 4.231440256089e-05 1 1 1 1 1
Dabrafenib 1 0.244811360583826 5.04692057667883e-21 0.788478222046226 1 0.167568053130604 1 1 1 1 1 1 0.00115404478739583 1 0.118151645028035 1 1 0.00699102278342556 0.863170380420637 1 1.83495162827993e-117 1 1 1 4.231440256089e-05 0.849104040915827 1 0.601690745283257 0.0228611022719651 1
Dacinostat 1 1 4.90441718039762e-12 1 1 1 0.172863287757807 1 1 1 1 1 0.917430434737203 1 4.06404383789398e-05 1 1 1 2.69290684151389e-94 2.34806634971776e-83 2.59999460993027e-16 1 0.000698371356331211 1 4.42252742584066e-22 1 1 1 1 1
Dactolisib 1 0.162015300255546 0.0553407899077145 0.00306158678368067 1 0.000752053267209247 1 1 1 1 1 1 1 1 0.676883972365376 4.36250797983129e-06 1 1.17777360712749e-249 1 1 1 0.237541952232501 1 1 4.231440256089e-05 1 1 3.11203643694703e-48 1 1
Daporinad 1 1 1.0823401450119e-309 1 1 1 1 1 1 1 1 1 1 1 3.20123545058905e-06 1 1 1 1 1 7.29820239677738e-07 1 1 1 1 1 1 1 1 1
Dasatinib 1 1 1.18321320080231e-18 1 1 3.00096101785264e-64 1 1 1 1 1 1 1 0.62681920435466 1 1 1 1 1 1 2.30960667400758e-98 4.4150526489664e-14 1 1 0.301306432563015 1 1 1 1 1
DMOG 1 1 4.04885060493522e-07 0.00306158678368067 1 1.83556689336584e-167 0.0149727587975945 1 1 1 1 1 1 1 1 1 1 0.0103646186889445 1 1 4.65465228948006e-05 5.17978747756814e-57 1 1 0.000716227003732143 1 1 0.0789357690231947 1 1
Docetaxel 1 1 0.0119387319121266 0.0103226890585751 1 1 1 1 1 5.48457854797185e-47 0.000652619740127683 4.19695268532594e-98 0.0377759694316967 0.00022803659940459 0.603712758390689 8.59360343630573e-07 1 0.181816740197351 0.863170380420637 8.09301131868877e-88 0.203409580854415 1 1 1 1 1 2.01830216007904e-05 1 1 1
Doramapimod 1 1 0.00187459618551153 0.0103226890585751 1 1.79671808112129e-21 0.00569543143706964 1 1 3.01690978650859e-15 3.05454115227876e-07 1.67781091556018e-45 1 1 0.0219047935368601 1 1 1 0.00154514893329891 1 5.73565982540439e-08 5.97683519320846e-05 1 1 4.12480602865426e-14 1 2.01830216007904e-05 1 1 1
Doxorubicin 1 1 0.825095737812513 1 1 1 1 1 1 1 1 1 1.39028931537162e-20 1 1 1 1 1 0.222678440168948 3.23777970439115e-61 1.74381383504822e-184 1 1 1 1 1 1 1 1 1
EHT.1864 1 0.244811360583826 1 1 1 0.0260223642229227 0.227611650421365 1 1 1 1 1 7.38218201266706e-13 1 0.467624633820662 1 1 0.044110989417728 0.00884956886196651 7.83816078431121e-85 1 3.42479259316011e-06 1 1 0.000716227003732143 1 7.34774973259243e-39 1 1 1
Elesclomol 1 1 1 1 1 4.69803209023946e-45 0.49433772586804 1 1 1 1 1 0.00652025565350259 1 3.94960456977485e-17 1 1 1 1.81132743985032e-61 1 1 2.79321404034954e-08 1 1 6.4748750722701e-112 1 1 1 1 1
Embelin 1 5.97129298176716e-05 5.04692057667883e-21 1 1 0.678257278227668 1 1 1 1 1 1 0.211320026050218 1 0.404340021718218 1.96165954725816e-05 1 1 2.00978616279471e-32 8.75547390220252e-166 7.71622113789041e-05 0.0266030358303936 1 1 0.488287534905093 1 1 0.222123510819405 1 1
Entinostat 1 1 1 1 1 1.53406449801511e-66 0.227611650421365 1 1 1 1 2.46320690832948e-05 1 9.93890608556471e-249 1 1 1 1 1 1 1 5.91673494662787e-16 1 1 0.105634757141734 1 1 1 1 1
Enzastaurin 1 1 1 1 1 1 1 0.707978692604348 1 1 1 1 2.11642493397095e-33 1.10755848019973e-200 1 1 1 1 1 2.57934407990253e-28 0.289122772990931 1 0.0194226011178323 1 1 0.0118754319899405 1 1 0.208447673544305 1
Epothilone.B 1 1 2.2229702081388e-155 1 1 1 1 1 1 1.50383760622573e-08 1 1 1 1 0.076131061221492 1 1 1 4.17088634770692e-11 0.605139596922535 1.5958592276308e-11 1 1 1 0.048941277102817 1 0.0578335887505586 1 1 1
Erlotinib 1 1 0 1 1 1 1 1 1 1 1 1 1 1 1 1 1 1 1 1 0.396438284859737 1 1 1 1 1 1 1 1 1
Etoposide 1 1 5.90511585557702e-16 1 1 0.0964832981439991 1 1 1 0.00532345703534946 1 1 4.08315556275713e-05 1 3.20123545058905e-06 1 1 1 7.7448211331959e-40 4.07947696052503e-09 2.3067737720222e-105 1 1 1 0.000716227003732143 1 1 1 1 1
Fedratinib 1 6.58624936297043e-08 3.90010688689034e-214 1 1 1 1 1 1 1 1 1 1 1 1 1 1 1 1 1 1.5958592276308e-11 1 1 0.000328351015906508 1 1 1 1 1 1
FH535 1 1 1 1 1 1 1 1 1 1 1 1 5.40504339706996e-146 1 0.00114661521958342 1 1 1 3.4928870594507e-16 1.21275940680578e-211 1 1 1 1 0.565325828026708 1 1 1 1 1
FMK 1 1 0 1 1 1 1 1 1 1 1 1 1 1 1 1 1 1 1 1 1 1 1 1 1 1 1 1 1 1
Foretinib 1 1 0 1 1 1 1 1 1 1 1 1 1 1 1 1 1 1 1 1 0.0002787855931747 1 1 1 1 1 1 1 1 1
FR.180204 1 1 0 1 1 1 1 1 1 1 1 1 1 1 1 1 1 1 1 1 1 1 1 1 1 1 1 1 1 1
FTI.277 1 1 0.00145826456837244 1 1 0.271356743807779 1 1 1 6.44266419112139e-75 0.124811016790985 0.0535012364448005 2.19340267163109e-28 0.714866719264392 0.000367895465644806 8.59360343630573e-07 1 0.502208380088726 0.605150028004581 1.7744269093273e-25 0.000114253258179864 1 1 1 0.048941277102817 1 0.114426340373723 0.290671348982448 1 1
Gefitinib 0.291276571237512 1 0.0893054077553497 1 1 1 1 1 1 1 1 1 5.56894114343119e-20 1 1 1 1 1 0.00884956886196651 7.77339558617073e-68 5.32727149827617e-115 1 1 1 0.000185030065491694 1 0.171190380898932 1 1 1
Gemcitabine 1 1 7.27885148787728e-46 1 1 1 1 1 1 0.000387623919491319 2.12998968577025e-05 1 1 0.329783240974126 1 1 1 1 0.863170380420637 1 1.91926964282949e-90 1 0.000388079751188232 1 0.0646746152465404 1 1 1 1 0.121030370424144
Genentech.Cpd.10 1 0.0101907096576828 7.50221422803121e-11 1 1 0.0517856789265793 7.94564779486725e-09 1 1 1.50383760622573e-08 1 1 9.9150183778908e-06 1 0.531815573681695 1 1 1 7.39042237797664e-54 1 5.13413695649663e-18 0.000769372696515808 1 1 3.1281273855813e-84 1 1 1 1 1
GNF.2 1 1 1 1 0.00177399533543392 0.678257278227668 1 1 1 1 1 1 1 2.06177739232114e-88 1 1 1 1 1.90386207997038e-33 6.36367953320315e-08 8.46236906338389e-57 1 1 1 3.99650333344283e-24 1 1 1 1 1
GSK1070916 1 0.0193092577136147 7.57428518285312e-220 1 1 1 1 1 1 8.94963004297538e-05 8.23988784148622e-05 1 1 1 4.06404383789398e-05 1 1 1 0.605150028004581 1 0.0028423204883492 1 1 1 0.0107432584609334 1 1 1 1 1
GSK1904529A 1 0.000678481840872221 7.50221422803121e-11 1 1 0.678257278227668 1 0.131093989166456 1 1 1 1 0.000238983563225099 1 9.9162889328478e-06 1 1 4.7986171776234e-08 5.62561584825296e-08 1.29394041932643e-47 1.52360366991639e-78 1 0.0194226011178323 1 0.000295586097539678 1 0.00828222724721755 1 1 0.600711374660518
GSK269962A 1 6.58624936297043e-08 0.507117296800381 1.01723689810531e-49 1 7.0991813983448e-18 0.00569543143706964 1 0.604850622536863 1 1 1 1 1 0.834975775520711 1 1 2.34704083528246e-15 1 1 0.0019953077565288 0.00709394030804454 1 1 0.301306432563015 1 1 1.05576163652463e-30 1 1
GSK319347A 1 1 1 1 1 1 0.0582134606872374 0.351991930267659 1 1 0.00748228019950961 1.63380463863438e-44 5.4170083352646e-53 4.67459971210045e-134 1 1 1 1 0.863170380420637 1 1 1 1 1 0.048941277102817 1 1 1 1 1
GSK429286A 1 1.43520259262653e-30 1.20079542274246e-07 0.788478222046226 1 1 0.389870219068331 1 0.00495325000757623 1 1 0.411198739520439 1 1 0.0608036754242283 1 1 7.10302077853678e-05 8.3195461261028e-06 1 1.91926964282949e-90 1 1 1 0.00385377921228133 1 1 1.79254982351344e-20 1 1
GSK650394 1 1 0.038884114737082 1 1 1 1 0.707978692604348 1 0.0460663626911023 1 0.0187792950198981 1.07238851392667e-27 1 1 1 1 0.0227541930175328 1 2.28188029810925e-35 1.88356834327739e-62 1 2.06952653307691e-07 0.141673812672166 0.133678750635525 1 1 1 1 0.121030370424144
GSK690693 4.52889950591676e-08 1 1 1 1 0.0388918508292957 1 1 1 1 1 0.00222769149699273 1 0.542663514652861 0.00243272853333021 1 1 1 1.10608493486116e-89 1 2.53276232201397e-147 1 1 0.0141856273543965 0.301306432563015 1 1 1 1 1
GW.2580 1 0.000678481840872221 1 1 1 0.00804440188339467 1 1 1 1 1 1 1 1 1 1 1 1 7.48858775974439e-07 1 8.5063355822941e-272 1 1 1 0.000295586097539678 1 7.74210711194516e-30 1 1 1
GW441756 1 1 1 1 1 0.0964832981439991 1 8.0394937422309e-05 1 8.09047149373071e-33 0.00748228019950961 0.584459847449511 7.75703007486106e-133 1 1 1 1 1 1.81132743985032e-61 1 7.71622113789041e-05 1 1 1 5.32980182140404e-17 1 1 1 1 1
GW843682X 1 1 1 1 7.03255902478371e-06 1 1 1 1 1 0.00096311032382293 5.49771303101803e-19 1 0 1 1 1 1 1 1 1 1 1 1 1 1 1 1 1 1
HG.5.113.01 1 1 0 1 1 1 1 1 1 1 1 1 1 1 1 1 1 1 1 1 0.0341998480778197 1 1 1 1 1 1 1 1 1
HG.5.88.01 1 0.0266713866350916 7.57428518285312e-220 1 1 1 1 1 1 2.52947577759816e-16 3.05454115227876e-07 1 1 1 1 1 1 1 1 1 3.68719319814767e-07 1 1 0.00312361828567548 1 1 1 0.601690745283257 1 1
HG6.64.1 1 0.00228198724044337 0.882661013724809 0.0593329704527328 1 1 1 1 1 1 1 1 5.61170658001948e-16 1 1 1 1 1 0.293882187541154 1.10414178591271e-123 9.68729115325363e-108 1 1 1 1 1 1 1 1 1
I.BET.762 1 0.00696719456162081 2.06316749538771e-18 9.22672600255747e-52 1 1 2.01154432067947e-16 0.707978692604348 1.67832061278748e-67 1 1 0.0753595046414339 0.000828265868539665 1 6.16832147059255e-07 6.82166354790766e-06 1 1 1 1 1 1 1 1 0.00385377921228133 1 2.01830216007904e-05 0.725400411649777 1 1
ICL1100013 1 1 5.07116245691019e-112 1 1 1 1 1 1 1 1 1 1 1 1 1 1 1 0.00884956886196651 1 8.23470237122001e-129 1 1 1 1 1 1 1 1 1
Idelalisib 0.116746132864282 0.0139678884144103 1 1 1 1 1 1 1 1 1 1 8.47910737389549e-19 3.90142021736148e-70 1 1 1 1 7.63650906791545e-05 3.28563347174934e-222 0.0019953077565288 1 1 1 0.00169670293554273 1 1 1 1 0.295628810909397
Imatinib 1 1 1 1 1 3.77356241469111e-41 0.00041095665647054 1 1 1 1 1 1 1 0.917282160324084 1 1 1 9.36461980560656e-109 1 1 4.4150526489664e-14 1 1 1.03238954576143e-142 1 1 1 1 1
IOX2 1 1 3.24109509605112e-10 0.00683760741791933 0.00825306933562802 1.83556689336584e-167 1.47206855664114e-05 1 1 1 1 1 1 1 0.176358412783183 1 1 1 2.55462070690762e-06 1 1 1.26387497261854e-58 1 1 1.3430233957707e-34 1 1 0.725400411649777 1 1
IPA.3 1 0.0193092577136147 0.18412440670838 1 3.49054950877293e-12 0.0964832981439991 0.172863287757807 1 1 0.144881915077014 1 1 9.9150183778908e-06 0.0871099774797335 5.997176034778e-15 1 1 1 5.89647262895667e-126 4.88025721985326e-11 0.341691528280458 1 1 1 0.00772465866004913 1 1 1 1 1
Ispinesib.Mesylate 1 1 2.22418386453259e-28 1 1 1 1 1 1 6.22083629207504e-26 0.00748228019950961 0.00573193500479986 1 1.28942098058559e-21 1 1 1 1 3.4565422663769e-13 1 1.87929269483327e-76 1 1 1 0.000496828409135572 1 1 1 1 1
JNK.Inhibitor.VIII 1 1 9.55744343065834e-13 1 1 2.51325969864966e-54 0.172863287757807 1 1 1 1 1 1 1 7.83421989210896e-12 1 1 1 9.23288811345261e-67 1 6.30446092490434e-06 4.27250952182404e-22 1 1 5.66261752295046e-82 1 1 0.222123510819405 1 1
JNK.9L 0.116746132864282 1 0.941280294370223 1 1 1 1 1 1 1 8.23988784148622e-05 0.0753595046414339 1 1 1 1 1 0.347032310893338 1.27069219686344e-73 3.74405297293962e-20 2.70919132625033e-45 1 0.00339241066414717 1 8.86417850298532e-10 1 0.461511188517853 1 1 1
JQ1 1 1 1 0.079745749046179 1 3.48146891306545e-103 9.85001223673334e-13 1 1 0.384344128580942 1 1 0.297605372518215 1 1 1 1 1 1.32783057107423e-25 1 1 8.82571547911646e-28 1 1 1.64579013975203e-46 1 1 1 1 1
JQ12 1 1 1 1 1 1 1 1 1 1 1 1 0 1 1 1 1 1 1 2.71584234772625e-33 1 1 1 1 1 1 1 1 1 1
JW.7.24.1 1 0.00509037190626407 1 1 1 7.72227255142763e-10 4.84725983186904e-12 1 1 1 1 1 1 1 0.00114661521958342 1 1 1 1.15722352313539e-86 1 1.93492678988034e-17 2.79321404034954e-08 1 1 1.24818441280051e-105 1 1 1 1 1
JW.7.52.1 1 1 1 1 1 1 1 0.452624424523901 1 1 1 1 5.21658597843518e-25 1 0.00114661521958342 1 1 1 1.16475063339744e-37 1.87290733366372e-118 1.00040891333049e-57 1 1 1 0.00526663206353874 1 1 1 1 1
KIN001.236 0.00181654839134947 0.00025716080498156 2.77500042939482e-06 0.00306158678368067 5.12430269985468e-05 2.01262521868752e-29 0.732247470823069 1 2.18102509707131e-06 1 3.05454115227876e-07 1.37534523245745e-15 1 1 9.9162889328478e-06 1 1 1 4.24325979752805e-55 1 0.0145546746658411 5.24580887562976e-15 0.310911060933807 1 0.355248171138962 1 8.69424235928905e-07 1 1 1
KIN001.244 1 0.0266713866350916 2.35380227558019e-05 1 1 4.00708810783168e-50 8.21455832499165e-19 1 1 1 1 1 1 1 0.676883972365376 1 1 1 7.7448211331959e-40 1 0.289122772990931 1.9822274472522e-31 1 1 2.10616787972029e-35 1 0.00317845063246302 1 1 1
KIN001.260 1 0.0015531368682536 0.0024333069886686 1 1 1 0.00290836072116084 1 1 0.384344128580942 1 1 1 1 1 1 1 1 1.90386207997038e-33 1 1.18000419763334e-238 1 1 1 0.00772465866004913 1 1 1 1 1
KIN001.266 1 0.00025716080498156 3.37935726862495e-39 1 1 2.67397923854031e-13 0.389870219068331 1 1 1 1 1 1 1 1 1 1 1 1.32783057107423e-25 1 1.49738432562016e-23 1.48381063586838e-05 1 1 6.31422017534802e-30 1 1 1 1 1
KIN001.270 1 1 1.06162783068364e-15 0.0305800487966977 0.00177399533543392 1.6342379795695e-11 0.000196703005877339 1 1 6.28675988061285e-07 1 0.00573193500479986 1 1 1.0688641171836e-06 1 1 1 1.21116144193526e-140 1 2.82708119390804e-05 8.22091808213905e-10 1 1 7.42653543472221e-67 1 1 1 1 1
KU.55933 1 1 0.0119387319121266 1 1 1 1 1 1 5.54215711444658e-30 1 0.00573193500479986 0.0219147385396447 1 1 1 1 1 3.62397293827987e-88 0.386837523492841 6.0159326904408e-120 1 1 1 7.45892262418424e-07 1 1 1 1 1
Lapatinib 1 1 1 1 1 1 1 2.06557273524029e-09 1 1 1 1 4.58620309672492e-46 0.00022803659940459 1 1 1 0.00305850211389887 1 0.386837523492841 1 1 1 9.96558228463098e-192 1 1 1 1 1 3.80137221749429e-96
Lenalidomide 1 1 1.65063682434694e-05 1 0.000324787455142738 1 1 1 1 1 1 1 1 1 0.297107510212745 1 1 1 1.72649631230074e-27 1 4.0952078718109e-195 1 1 1 1 1 1 0.861700841274659 1 1
Lestaurtinib 1 1 3.70302592694433e-96 1 1 1 1 1 1 1 1 1 1 1 1 1 1 1 1 1 5.48767943010875e-186 1 1 1 1 1 1 1 1 1
LFM.A13 1 1 9.55744343065834e-13 1 1 0.0183642502223345 0.172863287757807 0.452624424523901 1 1 1 1 5.00560680231219e-253 1 1 1 1 1 1 3.11636772265276e-127 1 1 1 1 0.421204603521925 1 1 1 1 1
Linifanib 1 1 8.92535817490569e-07 1 0.00177399533543392 0.332480111036747 0.227611650421365 1 1 1 1 0.168916591158843 1 0.00022803659940459 1 1 1 1 5.71174003359346e-17 1 1.41130602261838e-155 0.000769372696515808 1 1 1.05842334875924e-07 1 0.0459315631560334 1 1 1
Linsitinib 1 1 2.30052225105088e-92 0.00306158678368067 1 1 1 1 1 1 1 1 1 1 1 1 1 3.24496553875886e-36 1 1 7.4069416286541e-48 1 1 1 1 1 1 6.83157479719255e-06 1 1
Luminespib 1 1 2.35380227558019e-05 1 1 1 1 1 1 1 1 1 6.25737830497973e-07 1 1 1 1 1 5.62561584825296e-08 1 0 1 1 1 0.0208807741807118 1 1 1 1 1
Masitinib 1 1.19569406461636e-15 0.032066337212056 0.421397921298949 1 1.19890491425079e-34 2.29935437188999e-11 1 0.000109250925312516 1 1 1 1 1 0.000152039289054112 1 1 1 7.7448211331959e-40 1 1 6.26622185020101e-19 1 1 1.57960499759613e-25 1 1 1 1 1
Methotrexate 1 1 1.0823401450119e-309 1 1 1 1 1 1 1 1 1 1 1 1 1 1 0.0103646186889445 1 1 1.20617248109193e-07 1 1 1 1 1 4.44385223945109e-06 1 1 1
MG.132 1 1 1.45816257463538e-243 1 0.00825306933562802 0.00804440188339467 1 1 1 0.384344128580942 1 0.0187792950198981 1 1 6.16832147059255e-07 1 1 1 0.162176269626814 1 0.244563673722927 1 1 1 0.24768202491464 1 1 1 0.208447673544305 1
Midostaurin 1 1 5.09838035331788e-08 1 1 1 1 1 1 1 1 1 3.02335424863362e-102 5.72026793598729e-07 1 1 1 1 1 5.00825655395204e-129 2.82708119390804e-05 1 1 1 1 1 1 1 1 1
Mitomycin.C 1 1 4.4877171730112e-30 1 1 1 1 1 1 0.144881915077014 1 1 1 1 1 1 1 1 2.0645212539276e-15 1.12686886883662e-17 1.41130602261838e-155 1 1 1 0.0208807741807118 1 1 1 1 1
MK.2206 1 1 1 1 1 1 0.60669316702426 0.131093989166456 1 1 1 1 6.91850486100055e-248 1 1 8.59360343630573e-07 1 1 0.48421459794742 8.36047281166787e-07 4.33110784098643e-34 1 1 1 0.301306432563015 1 1 1 1 1
Motesanib 1 1 2.06316749538771e-18 1 1 0.000139295255074569 1 0.452624424523901 1 1 1 9.26845937292975e-26 5.81788721336972e-73 1 1 1 1 1 0.293882187541154 1.16362874234887e-39 3.84293981695637e-46 0.237541952232501 1 1 1 1 1 1 1 1
MPS.1.IN.1 1 1 0 1 1 1 1 1 1 1 1 1 1 1 1 1 1 1 1 1 0.0002787855931747 1 1 1 1 1 1 1 1 1
Navitoclax 1 0.726560335192625 3.49598922468644e-154 0.107539015345264 1 1 1 1 1 0.384344128580942 1 1 1 1 0.000103799793519363 0.000202561367576835 1 0.226220474143605 1 1 0.598100751575496 1 1 0.626656791217476 1 1 1 0.0789357690231947 1 1
NG.25 1 0.0139678884144103 0.00306347239623641 0.501778313394486 1 1.6342379795695e-11 4.84725983186904e-12 1 1 1 1 1 1 1 6.16832147059255e-07 1 1 1 3.60180758093524e-85 1 0.0080141436783289 2.66442792916936e-12 1 1 4.98958071090758e-52 1 1 1 1 1
Nilotinib 1 1 2.27683084161285e-49 1 1 0.410586967874044 1 1 1 1 1 1 1 1 0.000367895465644806 1 1 0.347032310893338 1.16475063339744e-37 1 3.67754172179322e-37 1.48381063586838e-05 1 1 1.36557489976755e-05 1 4.44385223945109e-06 1 1 1
NPK76.II.72.1 1 0.907213057601225 6.04594900493218e-105 1 0.00177399533543392 1 1 1 1 1 0.00389786562233462 2.6312920568926e-14 1 1 1 1 1 1 1.99835016700125e-29 1 0.0570599127941165 1 1 1 0.817426474531032 1 0.0153944018428951 1 1 1
NSC.207895 1 1 0.767843844038138 1 1 0.271356743807779 1 1 1 1 1 1 1 1 3.20123545058905e-06 1 1 1 4.6292409784783e-42 1 4.74777377172141e-192 1 1 1 8.01896574887586e-25 1 1 1 1 1
NSC.87877 1 1 3.68216091478718e-116 0.225511790226581 1 1 1 1 1 1 1 0.0187792950198981 1 1 1 1 1 8.44255233488963e-21 1.38186181306298e-18 0.0135007787674929 0.598100751575496 1 1 1 0.048941277102817 1 1 1 1 1
NU7441 1 1 1.53047462631489e-11 0.0305800487966977 1 1 0.389870219068331 1 1 1.46317157636499e-18 1 1 1 1 1 1 1 0.0103646186889445 1 1 1.86354695516216e-245 1 1 1 0.565325828026708 1 1 0.222123510819405 1 1
Nutlin.3a.... 1 5.97129298176716e-05 2.64740387728097e-132 0.138179898957341 1 1 0.732247470823069 1 0.177170400043151 1 1 1 1 0.00318990880324631 0.676883972365376 0.342497346512514 1 0.0595343916963719 0.386649830490189 1 3.9814905284339e-11 1 1 1 0.000185030065491694 1 1 0.861700841274659 1 1
NVP.BHG712 1 1 0.140080410612199 1 1 1 1 1 1 1 1 1 1 1 1 1 1 1 1 1 0 1 1 1 1 1 1 1 1 1
NVP.TAE684 1 1 5.92667098704632e-48 1 1 1 1 1 1 1 1 1 1 1 1 1 1 1 1 1 3.16484926433445e-277 1 1 1 1 1 1 1 1 1
Obatoclax.Mesylate 1 1 1 1 1 1 1 0.351991930267659 1 1 1 1 0 1 3.20123545058905e-06 1 1 1 0.293882187541154 2.84297386383023e-32 0.11158670535399 1 1 1 0.000496828409135572 1 1 1 1 1
Olaparib 1 1 8.02952099855267e-12 1 0.00177399533543392 0.489057527613153 1 1 1 5.95460226048767e-66 0.918490019983825 6.77216150943995e-22 1 1 1 1 1 1 2.00978616279471e-32 1 4.65465228948006e-05 1 1 1 1.32397012355474e-17 1 1 1 1 1
Omipalisib 0.116746132864282 0.000678481840872221 2.65582818063002e-16 1 0.00825306933562802 1.08500073630593e-06 0.60669316702426 1 1 1 1.06793928112743e-06 1 0.00910670450377404 1.95495322638397e-73 3.20123545058905e-06 1 1 1 0.0819889919373773 9.16898141281845e-06 1 0.000769372696515808 0.042164492395462 1 0.00113800215824161 1 1 1 1 1
OSI.027 1 1 1 1 1 0.783396736754397 0.60669316702426 1 1 1 1 0.0390297744289285 1 1 9.9162889328478e-06 1 1 1 9.03216616897267e-18 1 6.5815974842306e-313 0.144888948314102 1 1 2.10201501593273e-16 1 1 1 1 1
OSI.930 1 1 1 1 1 1 1 1 1 1.02819573034601e-48 0.051061682479843 3.17901040588285e-06 4.41554247364555e-29 1 1 1 1 1 3.4565422663769e-13 4.81302332552469e-105 7.29820239677738e-07 1 1 1 0.0107432584609334 1 0.00615279447366181 1 1 1
OSU.03012 1 1 0.0219388907468592 1 1 1 1 1 1 1 1 1 0.0612512038154088 1 3.20123545058905e-06 1 1 1 0.0221097067600091 3.28563347174934e-222 2.20084853062384e-74 1 1 1 0.00169670293554273 1 1 1 1 1
PAC.1 3.17058032820387e-05 0.000171325165437477 2.17433183711924e-08 0.0103226890585751 1 1 0.732247470823069 1 1 1 1 1 1 1 1 1 0.0113214450770552 0.687471553601534 7.7448211331959e-40 1.12686886883662e-17 3.99780088829405e-13 1 0.561394648141915 1 0.048941277102817 1 0.343619376062774 1 1 1
Paclitaxel 1 1 1 1 7.03255902478371e-06 1 1 1 1 1 3.90007590445235e-12 0.27215932474731 1 0 6.16832147059255e-07 1 1 1 0.863170380420637 1 1 1 1 1 1 0.849104040915827 1 1 1 1
Palbociclib 1 1 0.00112718083363916 1 1 1 1 1 1 1.78443132102354e-50 2.12998968577025e-05 1 1 1 0.000152039289054112 8.59360343630573e-07 1 1 0.386649830490189 1 1.36652762787921e-207 1 1 1 1 1 3.32368882627563e-05 1 1 1
Parthenolide 1 1 1.06162783068364e-15 1 1 1 1 0.851759534628244 1 1 1 1 6.58546959539804e-276 1 1 1 1 1 1 1 7.19677632462055e-84 1 1 1 1 1 1 1 1 1
Pazopanib 1 6.72181901117174e-06 1 2.03680621333002e-15 1 1.42248891785434e-18 1.95467537835311e-09 1 0.0291237764207242 1 1 1 1 1 0.144306505702598 0.0344653460092803 1 1 2.00978616279471e-32 1 2.42330228186224e-09 4.94108041958145e-09 1 1 5.05392368354921e-09 1 1 1 1 1
PD0325901 1 1 6.95070437911963e-164 1 1 1 1 0.0596977111784764 1 1 1 1 5.4170083352646e-53 1 1 1 1 1 1 1 0.0341998480778197 1 1 1 1 1 1 1 1 1
PD173074 1 0.0482918499946641 0.032066337212056 0.00436449620925192 1 1 1 1 1 3.42417472879887e-12 1 0.00573193500479986 1 1 0.118151645028035 1 1 0.000141488851055957 1 0.727432824483386 2.30960667400758e-98 1 1 0.221617576408802 1 1 5.0348839176833e-07 0.000603073471547627 1 1
Pelitinib 6.92475465185379e-06 0.816750441743856 0.882661013724809 0.687217237536581 1 0.00804440188339467 1 0.452624424523901 1 1 1 1 1 1.50979451174207e-58 1 4.36250797983129e-06 1 1 1 9.7087536041299e-10 1 1 8.44233251638449e-12 5.94092104657779e-30 1 1 1 1 1.41021977582505e-12 1
Pevonedistat 1 5.97129298176716e-05 2.69681766899682e-13 1 1 1 1 1 1 4.26760802293785e-68 0.305026906473616 9.07599373664679e-97 0.00243636845686766 1 3.20123545058905e-06 1 1 1 0.293882187541154 1 1.05716401881423e-118 1 1 1 1 1 0.000204683489340617 1 1 1
PF.4708671 1 0.726560335192625 1 1 0.0322250931300643 0.0183642502223345 0.389870219068331 1 1 1 1 1 3.68562349897124e-12 1 0.000152039289054112 1 1 1 3.353314887615e-117 1 6.17058710300066e-138 1 1 1 0.421204603521925 1 1 1 1 1
PF.562271 1 1 1 1 1 1 1 0.707978692604348 1 3.42417472879887e-12 1 1 0 1 9.9162889328478e-06 1 1 1 1 0.00253162492779467 1.24918847909842e-06 1 1 1 4.231440256089e-05 1 0.00317845063246302 1 1 1
PFI.1 1 0.00509037190626407 2.27683084161285e-49 0.079745749046179 1 7.19294814915983e-33 0.389870219068331 1 1 1 1 1 1 1 0.000152039289054112 1 1 1 1 1 3.77575856951027e-53 8.22091808213905e-10 1 1 0.0107432584609334 1 1 0.601690745283257 1 1
PFI.3 1 1 0.337707863574365 1 1 9.22850954175087e-178 0.389870219068331 1 1 1 1 1 1 1 6.16832147059255e-07 1 1 1 6.49831289107545e-14 1 1 1.22933483160682e-85 1 1 1.55689922206411e-39 1 1 1 1 1
PHA.665752 1 1 0.000114880098975 1 1 1 1 6.16948188142144e-27 1 1 1 1 0 1 9.9162889328478e-06 1 1 0.78901681937033 1 1 1 1 1 1 1 1 1 0.290671348982448 1 1
PHA.793887 1 1 2.87438262301318e-148 1 1 0.489057527613153 1 1 1 1 3.05454115227876e-07 1 0.0219147385396447 1 1 1 1 1 4.17088634770692e-11 1 6.6170212291164e-23 1 1 1 0.301306432563015 1 1 1 1 1
Phenformin 1 6.55174867554629e-43 2.06316749538771e-18 0.225511790226581 1 0.00804440188339467 1 1 0.0220969518680762 1 1 0.0390297744289285 1 1 1 0.000672860315145899 1 1 1.2963724009506e-57 3.74405297293962e-20 1 1 1 1 0.0208807741807118 1 2.14939355071366e-75 1 1 1
PI.103 1 0.486757319351957 1 1 1 7.30215821794368e-69 0.00569543143706964 1 1 1 1 1 1 4.57213144154204e-79 1 1 1 1 1.16475063339744e-37 1 1 3.41111150973788e-30 1 1 9.269833217736e-21 1 1 1 1 1
Pictilisib 0.000133575625349873 0.00025716080498156 0.00145826456837244 1 1 1 1 0.131093989166456 1 1 1 1 0.677116982748634 1 0.0161765492689792 0.000202561367576835 1 1 1 7.77339558617073e-68 1.29477943002147e-144 1 1 1 0.000496828409135572 1 1 0.222123510819405 1 0.0622642379905353
PIK.93 1 0.0139678884144103 1 0.0593329704527328 0.0322250931300643 9.36193315216979e-28 0.0375852785377065 1 1 1 0.0138222497696232 0.336670901873338 1 2.76349445859262e-11 0.531815573681695 1 1 1 3.62397293827987e-88 1 1 8.22091808213905e-10 0.10918236398901 1 1.3430233957707e-34 0.0218335198162051 1 1 1 1
Piperlongumine 1 1 0.0119387319121266 0.225511790226581 1 2.06470403835169e-05 1 1 1 1.78443132102354e-50 2.12998968577025e-05 1 1 1 1.42531022528361e-16 1 1 1 0.293882187541154 1 5.96063901061747e-85 0.000769372696515808 1 1 0.0646746152465404 1 0.599014559277591 0.861700841274659 1 1
PLX.4720 1 0.0482918499946641 2.35380227558019e-05 0.0103226890585751 0.000324787455142738 1 0.0375852785377065 1 1 1 1 0.0390297744289285 1 1 4.06404383789398e-05 1 1 0.0595343916963719 0.0221097067600091 1 3.35848581942612e-198 1 1 1 1.08243714223955e-27 1 1 0.00813795808189773 1 1
Ponatinib 1 1 2.74004191844079e-82 1 1 1 1 1 1 1 1 1 1 1 1 1 1 1 1 2.24635058251772e-57 2.5294179084123e-71 1 1 1 1 1 4.44385223945109e-06 1 1 1
Pyrimethamine 1 1.93196868181269e-17 1.33485714733096e-06 1.41873378822063e-08 1 0.489057527613153 0.389870219068331 1 0.000109250925312516 1 1 6.09494780012966e-15 1 1 6.73717108542194e-13 1 1 1 0.386649830490189 1 0.0145546746658411 1 1 1 0.421204603521925 1 0.246957469621758 0.0514537792457663 1 1
QL.VIII.58 1 1 1 1 1 4.27180234553261e-126 0.306647563000153 1 1 1 1 1 1 1 0.076131061221492 1 1 1 3.35125719874476e-50 1 1 2.6524658720809e-46 1 1 4.2382006365303e-83 1 1 1 1 1
QL.X.138 1 1 1 1 0.0322250931300643 2.04227701188415e-96 0.000196703005877339 1 1 1 1 1 1 0.0378264893791292 0.000152039289054112 1 1 1 1.99835016700125e-29 1 1 5.17978747756814e-57 1 1 1.24818441280051e-105 1 1 1 1 1
QL.XI.92 1 0.41432189057384 4.90441718039762e-12 1 1 5.0808425280632e-183 4.69501043967754e-06 1 1 1 1 0.492389059708007 1 0.114923438768434 1 1 1 1 8.76302387598161e-12 1 7.71622113789041e-05 1.56025339065249e-70 1 1 3.5095441635112e-07 1 1 1 1 1
QL.XII.47 1 5.97129298176716e-05 1 1 1 1.79671808112129e-21 0.00569543143706964 1 1 1 1 1 1 1 0.0161765492689792 1 1 1 2.37526629233337e-56 1 0.000114253258179864 4.94108041958145e-09 1 1 9.37367670476367e-136 1 1 1 1 1
QL.XII.61 2.19194258606261e-26 0.0101907096576828 0.882661013724809 1 0.00177399533543392 0.127819965678104 1.16090400197219e-07 1 0.0220969518680762 3.99557247394014e-22 0.0138222497696232 0.0390297744289285 1 2.76349445859262e-11 4.06404383789398e-05 1 1 1 4.17088634770692e-11 1 1.24918847909842e-06 0.474385232201489 0.383667927627521 1 1.96890517182871e-09 1 0.0459315631560334 1 1 1
QS11 1 1 3.90010688689034e-214 1 1 1 1 1 1 1 1 1 2.16792020239748e-06 1 0.000152039289054112 8.59360343630573e-07 1 1 5.62561584825296e-08 0.386837523492841 1 1 1 1 1 1 2.75951591149682e-10 1 1 1
Quizartinib 1 0.559921978564493 1 0.138179898957341 1 0.167568053130604 1.78863858786368e-20 1 8.52840784504296e-16 3.36767263231865e-14 0.00141282055454185 0.27215932474731 1 1 0.00114661521958342 7.94852807130338e-05 1 1 1.10608493486116e-89 0.000708081691096973 2.82708119390804e-05 0.237541952232501 1 1 3.99650333344283e-24 1 1 1 1 1
Rapamycin 1 0.00025716080498156 1.30634713497368e-19 0.107539015345264 1 5.95119842654901e-192 4.62093144785406e-10 1 1 1 1 1 1 0.000907408499584217 1 1 1 1 5.62561584825296e-08 1 1 2.00929225542185e-43 1 0.3291268284114 1.00408955952833e-44 0.849104040915827 1 1 1 1
Refametinib 1 1 1.00469071440292e-205 1 1 1 1 1 1 3.01690978650859e-15 1 1 0.253366169796239 1 1 1 1 1 1 1 3.2410110048287e-15 1 1 1 1 1 1 1 1 1
RO.3306 1 1 7.20306128811642e-15 1 1 1 1 0.258415462697688 1 1.98680354700157e-17 5.02584395618237e-06 1 1.0895996794118e-55 1 6.16832147059255e-07 1 1 1 0.0221097067600091 1 5.57737061564208e-125 1 1 1 4.12480602865426e-14 1 1 1 1 1
rTRAIL 1 1 3.24109509605112e-10 1 1 1 1 1 1 8.94963004297538e-05 0.010083489827487 6.56417319964949e-37 0.0377759694316967 1 1 1 1 1 0.605150028004581 1 1.22726551214248e-21 1 1 1 1 1 1.1165848455696e-149 1 1 1
Rucaparib 1 1 0.0459865408305393 1 1 1 1 1 1 2.66581013773089e-70 0.184251704904886 0.217185306524692 1 1 0.00114661521958342 1 1 1 0.222678440168948 1 6.04524764579338e-232 1 1 1 1 1 4.44385223945109e-06 1 1 1
Ruxolitinib 1 0.353018933643968 0.160721142138824 0.107539015345264 1 6.42392105554318e-14 1.47206855664114e-05 1 1 0.384344128580942 1 1 1 1 1 1 1 1 1.99835016700125e-29 1 2.5809899324133e-70 1.2886721194916e-10 1 1 4.42252742584066e-22 1 0.000494917421423428 1 1 1
S.Trityl.L.cysteine 1 1 0.417388297395604 1 1 0.332480111036747 0.172863287757807 2.56333046262249e-05 1 1 5.02584395618237e-06 1 0.404770620425092 1 0.676883972365376 1 1 1 8.71472505927939e-114 0.223163655318771 1.88259097471146e-44 0.144888948314102 1 1 5.89629764486137e-11 1 1 1 1 1
Salubrinal 1 1 1 1 1 0.489057527613153 0.227611650421365 3.88177921118028e-08 1 1 1 1 3.87923281600557e-168 1 0.000367895465644806 1 1 1 7.1803054659565e-78 1 1 1 1 1 9.38691284187611e-23 1 1 1 1 1
Saracatinib 1 1 2.82293234606565e-07 1 7.03255902478371e-06 0.271356743807779 1 1 1 1 1 1 1 5.01877720893838e-17 1 1 1 1 3.4928870594507e-16 0.0534666454930708 2.53276232201397e-147 1 1 1 6.31422017534802e-30 1 1 1 1 1
SB216763 1 1 2.87438262301318e-148 0.3464401070874 1 1 1 1 1 1 1 0.584459847449511 1 1 0.00114661521958342 1 1 1.43223344303862e-07 1 1 4.13717403728435e-10 1 1 1 1 1 0.529662118818968 0.290671348982448 1 1
SB505124 1 0.000678481840872221 1 0.501778313394486 1 2.67397923854031e-13 0.227611650421365 1 1 1 1 1 1 1 0.000810375485160794 1 1 1 2.04384420214232e-122 1 1.41270113043622e-27 1.48234682328373e-07 1 1 8.4208448267625e-34 1 2.01830216007904e-05 1 1 1
SB52334 1 2.59358192890296e-19 3.24109509605112e-10 1.89430523575309e-19 1 0.0724231022754956 0.60669316702426 1 4.175634850452e-33 1 1 1 1 1 2.13002588843468e-13 6.82166354790766e-06 1 1 9.03216616897267e-18 1 0.0106476165082788 0.052997481685273 1 1 0.00169670293554273 1 1 1 1 1
SB590885 1 1 0 1 1 1 1 1 1 1 1 1 1 1 1 1 1 1 1 1 1 1 1 1 1 1 1 1 1 1
Seliciclib 1 1 0.301515809755159 1 1 1 1 0.452624424523901 1 0.000387623919491319 1 1 9.94776102231226e-137 1 1 1 1 1 0.162176269626814 0.0836411867459334 1.52360366991639e-78 1 1 1 1 1 1 1 1 1
Selisistat 1 1 1.83213313701576e-07 1 1 0.0183642502223345 1 1 1 1 1 1 1 1 0.603712758390689 1 1 1 5.27022076281291e-49 1 1.09973205919589e-148 1 1 1 2.37063965028243e-06 1 1 1 1 1
Selumetinib 1 1 5.36509418928306e-159 1 1 1 1 1 1 1 1 1 1 1 1 1 1 1 1 1 2.3067737720222e-105 1 1 1 1 1 1 1 1 1
Sepantronium.bromide 1 1 1 1 1 1.44797020216726e-208 0.172863287757807 1 1 1 1 1 1 1.11009435107385e-49 1 1 1 1 0.00449457014552917 1 1 1.17756315046526e-87 1 1 5.89629764486137e-11 1 1 1 1 1
Serdemetan 1 0.0266713866350916 0.000385063221647167 0.225511790226581 1 0.000266967956898352 0.227611650421365 1 1 2.14263062354344e-40 8.23988784148622e-05 0.00573193500479986 1.1047772839879e-06 0.00712049794991614 0.118151645028035 1 1 1 8.76302387598161e-12 1 2.20084853062384e-74 0.810994525122437 1 1 6.79022231297023e-05 1 1 1 1 1
SGC0946 1 1 1.83213313701576e-07 1 1 1 1 1 1 0.0460663626911023 5.02584395618237e-06 4.52764752388114e-13 1 1 4.06404383789398e-05 1 1 1 2.93456500274093e-20 1 2.61837893150605e-201 1 1 1 0.000185030065491694 1 1 1 1 1
Shikonin 1 0.293874539086203 0.00085665479479102 0.00306158678368067 1 0.410586967874044 0.863921991597068 1 1 1 1 1 4.54926627222288e-23 1 0.00166187324699012 1.96165954725816e-05 1 1 1.4448718331476e-08 6.34607631417966e-94 1.1120394360557e-14 0.237541952232501 1 1 0.301306432563015 1 1 0.481792113074837 1 1
SL0101 1 1 2.1627849193544e-69 1 1 1 1 1 1 0.0166563971887794 1 1 1 1 0.000152039289054112 1 1 1 9.23288811345261e-67 1 5.14957459587285e-21 1 1 1 0.355248171138962 1 0.171190380898932 1 1 1
SN.38 1 1 4.11784885639836e-18 1 1 1 1 1 1 8.00737219334035e-39 0.0138222497696232 0.00573193500479986 1 1 0.0374962639908125 1 1 1 7.63650906791545e-05 1 3.87103042643686e-110 1 1 1 0.0208807741807118 1 0.294991985590503 1 1 1
SNX.2112 1 1 2.17433183711924e-08 1 1 1 1 1 1 0.00532345703534946 0.051061682479843 5.7463624913637e-25 4.08315556275713e-05 4.94638434280447e-05 1 1 1 1 1 6.1452762413883e-72 7.29820239677738e-07 1 1 1 1 1 0.000689716554494588 0.222123510819405 1 1
Sorafenib 1 2.76598510807056e-11 1 1 1 1 7.31906301272467e-25 1 0.253893703194284 1 1 1 1.95116461316936e-22 1 6.16832147059255e-07 0.000672860315145899 1 1 1.75594610073385e-45 1 0.289122772990931 0.237541952232501 1 1 1.29564682399406e-45 0.706796262652279 1 1 1 1
STF.62247 1 0.162015300255546 8.30224408940796e-35 1 1 1 0.732247470823069 1 1 1 1 1 0.0762912395772305 1 1 1 1 1 1.32783057107423e-25 1 3.49384392442534e-104 1 1 1 0.0380328907132057 1 1 1 1 1
Sunitinib 0.598057708403256 0.00509037190626407 1.28583145971594e-143 1 2.46107429508902e-23 1 1 1 1 1 1 0.584459847449511 1 1.28942098058559e-21 4.06404383789398e-05 1 1 1 0.605150028004581 1 0.000187546467292724 1 1 1 1 1 1 1 1 1
T0901317 1 1 2.69681766899682e-13 1 1 1 1 0.452624424523901 1 6.28675988061285e-07 1 0.0390297744289285 2.78463457444365e-82 1 1 1 1 1 1.17879955725415e-14 1 2.26738694566717e-158 1 1 1 0.000496828409135572 1 1 1 1 1
TAK.715 1 2.76598510807056e-11 8.92535817490569e-07 0.00306158678368067 1 0.0183642502223345 0.172863287757807 0.00101078825773262 1 1 1 1 0.00910670450377404 1 0.00648197182245031 1 1 1 3.08299632716309e-154 0.0836411867459334 2.12319046264243e-20 1 1 1 4.45070997073725e-08 1 1 1 1 1
Talazoparib 1 1 4.98395667667725e-13 1 1 0.271356743807779 0.60669316702426 1 1 7.32998904704073e-64 0.305026906473616 0.00573193500479986 1 1 1 1 1 1 0.222678440168948 1 4.02235351978893e-174 0.810994525122437 1 1 0.082869202443305 1 1 1 1 1
Tamoxifen 1 1 1 1 1 7.72227255142763e-10 0.306647563000153 1 1 0.384344128580942 1 1 6.14784017054285e-11 1 0.0121591211789203 1 1 1 3.2625425139926e-102 1 0.000187546467292724 2.79321404034954e-08 1 1 5.56256983066597e-90 1 1 1 1 1
Tanespimycin 1 1 1 1 1 1 1 0.575456031253298 1 1 1 0.492389059708007 7.04681204633814e-113 1 3.20123545058905e-06 1 1 0.015020873172574 0.863170380420637 1.24255155840074e-53 1 1 1 1 1 2.21631294996968e-08 2.8320205038505e-31 0.481792113074837 1 1
Temozolomide 1 1 8.30224408940796e-35 1 5.12430269985468e-05 0.0388918508292957 0.172863287757807 1 1 3.36767263231865e-14 1 5.35761806235893e-36 1 0.62681920435466 1 1 1 1 6.49831289107545e-14 1 3.7426428661114e-14 1 1 1 1.72474051959151e-12 1 1 1 1 1
Temsirolimus 1 1 1 0.284367358634444 1 4.28535917124416e-129 7.94564779486725e-09 1 1 1 1 1 1 1 0.467624633820662 1 1 1 4.07679483818718e-21 1 1 6.72200560965602e-38 1 1 4.07995164519052e-72 1 1 1 1 1
TGX221 1 2.93893681219354e-09 0.000114880098975 1.18064523672341e-78 1 7.0991813983448e-18 0.306647563000153 1 1.15985009815549e-07 1 1 1 1 1 0.834975775520711 0.169819800271113 1 0.00441872099315596 1 1 1 0.0266030358303936 1 1 0.000496828409135572 1 1 3.03483167238006e-11 1 1
Thapsigargin 1 1 3.19532750057572e-05 1 1 1 1 0.258415462697688 1 0.384344128580942 6.66232168833954e-43 3.73362542172785e-143 0.000153454806828767 1 6.16832147059255e-07 1 1 1 1 1 1 1 0.0578892606891706 1 0.488287534905093 1 1 0.481792113074837 1 1
THZ.2.102.1 1 5.97129298176716e-05 0.160721142138824 1 0.000324787455142738 0.0260223642229227 0.0149727587975945 1 1 1 1 0.784757217915323 1 3.41481678066371e-36 0.350713299287756 1 1 1 1.5364852383709e-26 1 2.12319046264243e-20 0.000769372696515808 1 1 1.09733711385227e-30 1 1 1 1 1
THZ.2.49 1 0.00509037190626407 1 1 1 0.0183642502223345 1.47206855664114e-05 1 0.300105267412855 1 1 1 6.60749971600348e-08 1 9.9162889328478e-06 0.245670278044477 1 1 1.72649631230074e-27 3.87862866702083e-76 7.06077738898156e-56 1 1 1 0.0646746152465404 1 1 1 1 1
Tipifarnib 1 1 1 1 1 1 1 0.0368932919727909 1 1 1 1 2.87143343053446e-130 1 1 1 1 1 1.38186181306298e-18 9.40485421012848e-240 1 1 1 1 1 1 1 1 1 1
Tivozanib 1 0.000678481840872221 0.00112718083363916 1 0.0322250931300643 0.00804440188339467 1 1 1 1 2.12998968577025e-05 3.42657294380625e-10 1 1 0.350713299287756 1 1 1 7.16464535150916e-23 1 5.40993743505901e-134 1 1 1 0.133678750635525 1 0.00317845063246302 1 1 1
TL.1.85 1 5.15197336249392e-07 0.657909928608603 1 1 0.00567040397936923 4.40205995673522e-05 1 0.000109250925312516 1 1 1 1 1 1 1 1 1 2.0645212539276e-15 1 7.72088354264996e-102 3.42479259316011e-06 1 1 8.86417850298532e-10 1 1 0.222123510819405 1 1
TL.2.105 1 0.0266713866350916 1 0.687217237536581 7.03255902478371e-06 0.890056004432422 0.000196703005877339 1 0.00951880256348695 0.00151624990593867 0.124811016790985 1.25055688226925e-71 1 1 0.0219047935368601 1 1 1 1.09276585002162e-83 1 0.0019953077565288 5.97683519320846e-05 1 1 5.05392368354921e-09 1 0.0113336230654167 1 1 1
Tozasertib 1 1 2.06316749538771e-18 1 1 1 1 1 1 1 2.12998968577025e-05 0.784757217915323 0.176427713453144 1.63771701909403e-174 0.00648197182245031 1 1 1 0.000312305790666837 1.95313048839002e-80 1.33762601843942e-18 1 1 1 1 1 1 1 1 1
TPCA.1 1 1 3.73764303355486e-175 1 1 1 1 1 1 1 1 1 1 1 1 1 1 1 1 1 2.5294179084123e-71 1 1 1 0.00169670293554273 1 1 1 1 1
Trametinib 1 1 1.79047144865038e-42 1 1 1 1 0.258415462697688 1 1 1 1 0.0282979754794289 1 1 1 1 1 1 0.223163655318771 4.6846884563202e-177 1 1 1 1 1 0.00150742289518984 1 1 1
Tretinoin 1 0.816750441743856 1 0.079745749046179 1 3.49300876605917e-82 4.16449007240488e-07 1 1 8.94963004297538e-05 1 0.0275087682002271 1 0.00318990880324631 0.531815573681695 1 1 0.226220474143605 0.00154514893329891 1 1 2.61170206319045e-24 1 0.037618286104156 3.24808797049922e-36 1 1 0.00137434256563011 1 1
Tubastatin.A 1 0.000979799060353581 1 0.0305800487966977 1 7.30215821794368e-69 0.00290836072116084 1 4.16969477414827e-07 1 1 1 1 1 1 1 1 1 1.16475063339744e-37 1 3.33132323685015e-24 2.00929225542185e-43 1 1 8.01896574887586e-25 1 1 1 1 1
TW.37 1 0.00025716080498156 0.237716148031921 1 0.00825306933562802 0.000266967956898352 7.94564779486725e-09 1 1 5.35658297856401e-42 3.05454115227876e-07 0.00573193500479986 1 1 0.0953296320421454 1 1 1 8.93731329068987e-63 1 0.000927011139634711 0.474385232201489 1 1 3.09023566228081e-41 1 1 0.481792113074837 1 1
UNC0638 1 2.56501583839323e-12 1 0.00306158678368067 0.00177399533543392 0.00567040397936923 0.000944973304755103 1 1 1 1 1 1 1.76097995504498e-30 9.9162889328478e-06 1 1 0.592696777119243 0.000670243765771551 1 1.00040891333049e-57 4.94108041958145e-09 1 1 1.72474051959151e-12 1 1 0.481792113074837 1 1
UNC1215 1 1 1.96402321308278e-74 1 1 1 1 1 1 2.06547180671607e-09 0.000202265372916297 2.46320690832948e-05 1 1 0.118151645028035 1 1 1 7.39042237797664e-54 1 2.42330228186224e-09 1 1 1 0.0275746048081505 1 8.69424235928905e-07 1 1 1
Veliparib 1 1 0 1 1 1 1 1 1 1 1 1 1 1 1 1 1 1 1 1 1 1 1 1 1 1 1 1 1 1
Vinblastine 1 1 1 0.0305800487966977 1 4.72793570731904e-46 1 1 1 0.0166563971887794 0.00096311032382293 4.98065028998504e-183 1 0.114923438768434 0.00114661521958342 1 1 0.0804548377785088 0.605150028004581 1 1 2.61170206319045e-24 1 1 0.048941277102817 1 1 0.725400411649777 1 1
Vinorelbine 1 1 1 1 1 0.212607841182317 0.172863287757807 0.575456031253298 1 1 3.05454115227876e-07 0.680384682564582 6.14784017054285e-11 1 1 1 1 1 2.01776757683424e-65 8.88309879048646e-228 1 0.144888948314102 1 1 7.68840382804956e-19 1 1 1 1 1
Vismodegib 1 1 1.30634713497368e-19 1 1 0.0183642502223345 1 1 1 2.18516904165148e-31 1.06793928112743e-06 0.00573193500479986 2.16792020239748e-06 1 0.676883972365376 1 1 1 0.000670243765771551 1 4.34219810169193e-254 0.810994525122437 1 1 8.12011298967439e-16 1 8.69424235928905e-07 1 1 1
VNLG.124 0.598057708403256 1 2.22766998840918e-09 0.0593329704527328 1 6.08317497931091e-11 0.389870219068331 1 1 0.000387623919491319 1 1 1 1 1 1 1 1 6.49831289107545e-14 2.55088550268412e-86 1.41270113043622e-27 0.0266030358303936 1 1 0.355248171138962 1 2.01830216007904e-05 1 1 1
Vorinostat 1 0.0482918499946641 1 0.00306158678368067 1 1 1 1 1 1.46586022430997e-82 0.837698770527999 0.0134968574944524 1 1 0.0953296320421454 1 1 0.107642264353925 3.60180758093524e-85 1 6.30446092490434e-06 1 1 1 0.0208807741807118 1 2.54978230966516e-71 0.000291576279633067 1 1
VX.11e 1 0.00025716080498156 0 1 1 1 1 1 1 1 1 1 1 1 1 1 1 1 1 1 1 1 0.310911060933807 1 1 1 1 1 1 1
VX.702 1 1 5.09689305479528e-272 1 1 1 1 1 1 0.0460663626911023 1 1 1 1 1 1 1 0.0595343916963719 0.605150028004581 1 1.91788635258204e-05 1 1 1 0.0208807741807118 1 1 1 1 1
Wee1.Inhibitor 1 1 8.43802237258985e-06 1 1 1 1 1 1 1 1 5.49771303101803e-19 1 1 5.997176034778e-15 1 1 1 1.99835016700125e-29 1 4.87422956333342e-86 1 1 1 0.301306432563015 1 1 1 1 1
WH.4.023 1 0.907213057601225 5.92667098704632e-48 0.284367358634444 1 0.489057527613153 1 1 1 1 1 1 0.532155117956399 1 0.000103799793519363 1 1 1 0.293882187541154 1 1.78158316622737e-50 1 1 1 0.301306432563015 1 1 0.481792113074837 1 1
WHI.P97 1 1 0.18412440670838 1 1 0.0260223642229227 1 1 1 1 1 1 3.22208635879201e-18 0.00318990880324631 1 1 1 1 0.00154514893329891 0.29568896003158 2.0469838079933e-75 0.0266030358303936 0.042164492395462 1 1.79802089912781e-19 1 0.0153944018428951 1 1 1
WZ.1.84 1 1 1 1 2.27400043879712e-17 1 1 1 1 1 3.05454115227876e-07 0.000318559100746026 1 0 3.20123545058905e-06 1 1 1 0.48421459794742 1 1 1 1 1 4.231440256089e-05 0.0118754319899405 1 1 1 1
WZ3105 1 1 1 1 8.42536332033826e-09 1.08500073630593e-06 1 1 1 1 7.23409647552908e-102 1.52645311075957e-63 1 2.16006965109258e-27 1 1 1 1 0.162176269626814 1 1 1.2886721194916e-10 1 1 0.048941277102817 1 1 1 1 1
XAV939 1 1 8.56121031005631e-05 1 1 1.86832638095794e-100 0.120442313055646 1 1 1 1 1 1 0.0280339511344157 1 1 1 1 1 9.7087536041299e-10 1 2.00929225542185e-43 1 1 8.73639497635483e-58 1 1 1 1 1
XMD11.85h 1 1 1.28768253092189e-172 1 1 1 1 1 1 1 1 1 1 1 1 1 1 1 1 1 1.47293607974584e-91 1 1 1 1 1 1 1 1 1
XMD13.2 1 1 4.90441718039762e-12 1 0.0322250931300643 1 1 1 1 2.18516904165148e-31 7.08321928518836e-48 4.28529892171159e-35 1 1 0.000152039289054112 1 1 1 3.353314887615e-117 1 0.244563673722927 1 1 1 0.048941277102817 1 0.000307866375540149 1 1 1
XMD14.99 1 1 0.460504395166522 1 1 1 1 1 1 8.94963004297538e-05 1 1 1 1 1 1 1 0.0227541930175328 1 1 7.52817985028314e-315 1 1 1 4.231440256089e-05 1 3.90289533204645e-08 1 1 1
XMD15.27 1 1 3.36923215252409e-34 0.0305800487966977 1 1 0.49433772586804 1 1 8.94963004297538e-05 1 2.63153609470097e-11 1 1 0.00485772072524408 1 1 0.107642264353925 5.00059433171612e-75 1 0.004141358524399 1 1 1 1.46343848214473e-13 1 2.01830216007904e-05 1 1 1
XMD8.85 1 0.00509037190626407 1 0.107539015345264 1 6.11439432115276e-06 1 1 1 1 1 3.67394664971545e-07 6.25737830497973e-07 1 0.210785857197145 1 1 1 0.162176269626814 1.91456807493116e-46 1.17305996887424e-80 0.052997481685273 1 1 0.000496828409135572 1 2.65069531124418e-11 0.861700841274659 1 1
XMD8.92 1 1 5.0853833505991e-100 1 1 1 1 1 1 0.00532345703534946 1 1 1 1 4.06404383789398e-05 1 1 1 0.222678440168948 1 8.23470237122001e-129 1 1 1 1 1 1 1 1 1
Y.39983 1 7.50276691472235e-09 9.38197794667435e-79 0.225511790226581 1 1 1 1 1 1 1 1 1 1 3.20123545058905e-06 1 1 1 1 1 6.1722319192059e-95 1 1 1 1 1 1 1 1 1
YK.4.279 1 1 0.825095737812513 1 1 1 1 0.707978692604348 1 1 1 1 3.76435290539071e-193 1 0.076131061221492 1 1 1 1.4448718331476e-08 2.52376789619675e-34 0.289122772990931 1 1 1 0.488287534905093 1 1 1 1 1
YM201636 1 0.102188030285871 1 0.00306158678368067 1 2.5994672166227e-07 8.21455832499165e-19 1 6.48057795431864e-06 1 1 1 1 1 0.00114661521958342 0.0448319952297999 1 1 6.30400443804408e-119 1 0.460104252908968 5.97683519320846e-05 1 1 1.29564682399406e-45 1 1 1 1 1
Z.LLNle.CHO 1 1 1.30634713497368e-19 1 1.24055633601504e-26 1 1 1 1 1 1 1 1 0 0.0121591211789203 1 1 1 0.726681053669946 1 1.24918847909842e-06 1 1 1 0.000496828409135572 0.0902730144775148 1 1 1 1
ZG.10 1 1 5.92667098704632e-48 1 0.00177399533543392 0.332480111036747 0.732247470823069 1 1 0.000387623919491319 1 0.00573193500479986 1 0.00022803659940459 0.000367895465644806 1 1 1 5.00059433171612e-75 1 2.82708119390804e-05 0.052997481685273 1 1 5.68865892597266e-53 1 1 1 1 1
Zibotentan 1 5.97129298176716e-05 4.17847039303739e-15 1 0.00177399533543392 1 0.60669316702426 1 1 2.79924535991706e-37 0.0813844698056356 0.411198739520439 1 1 0.253362224702543 1 1 1 2.04087223170884e-164 1 0.0256046792738741 1 1 1 7.45892262418424e-07 1 1 1 1 1
ZM447439 1 1 0.941280294370223 1 1 1 1 1 1 1.01251924855509e-07 1 0.411198739520439 1 1 1 1 1 1 1 1 0 1 1 1 1 1 1 1 1 1
ZSTK474 1 5.97129298176716e-05 1 1 1 1 0.00041095665647054 0.452624424523901 2.93010821659059e-05 1 1 1 0.0612512038154088 1 1 8.59360343630573e-07 1 1 7.7448211331959e-40 1.87290733366372e-118 8.60063606691185e-20 0.0266030358303936 0.191251245355681 1 5.32980182140404e-17 0.184298673819618 1 1 1 1
