ACC BLCA BRCA CESC CHOL COAD ESCA GBM HNSC KICH KIRC KIRP LGG LIHC LUAD LUSC MESO OV PAAD PCPG PRAD READ SARC SKCM STAD TGCT THCA UCEC UCS UVM
17-AAG 1 0.816750441743856 1 0.0305800487966977 1 1.86624514948656e-210 0.227611650421365 1 0.000109250925312516 1 1 1 1 0.000342642018891801 1 1 1 1 1 1 1 1.36140798397793e-63 1 0.000900581307790611 3.09023566228081e-41 1 1 1 1 1
AEW541 1 0.00025716080498156 1 0.00306158678368067 1 7.17656340096588e-61 0.0582134606872374 1 1 1 1 1 6.25737830497973e-07 0.0280339511344157 0.00243272853333021 8.59360343630573e-07 1 1 9.03216616897267e-18 0.386837523492841 1 1.9822274472522e-31 0.10918236398901 0.221617576408802 4.98958071090758e-52 2.86292892111841e-13 1 1 5.4020370878013e-07 1
AZD0530 1 6.55174867554629e-43 1 3.51900467882672e-26 0.0322250931300643 0.0388918508292957 1 1 0.300105267412855 1 1 1.2897054885474e-08 1 1 0.176358412783183 7.40863781518166e-51 1 0.000141488851055957 1 1 1 1 1 1 1 1 1 2.69838100630129e-09 1 1
AZD6244 1 1 1 1 1 5.0808425280632e-183 4.69501043967754e-06 1 1 1 1 1 1 1 1 1 1 1 0.000312305790666837 1 1 2.93538514510809e-60 1 1 3.70725249840643e-103 1 1 1 1 1
Erlotinib 1 0.244811360583826 1 7.08892330975265e-21 1 1 0.00290836072116084 1 2.76246003003877e-177 1 1 1 1 1 1 9.21949148244667e-65 1 1 1 1 1 1 1 1 1 1 1 1 1 1
Irinotecan 1 1 8.92535817490569e-07 1.20606319737476e-06 1 1 1 0.0596977111784764 6.48057795431864e-06 1 1 1 1.44186124789011e-43 1 1 0.000202561367576835 1 1 1 4.07947696052503e-09 1 1 1 0.17845476134527 0.421204603521925 1.79076037424122e-94 1 1 1 1
L-685458 1 0.0266713866350916 0.209640328642587 1 1 0.00804440188339467 1 1 0.000109250925312516 1 0.00196363285103065 0.0390297744289285 4.08315556275713e-05 0.0378264893791292 1.86223703689605e-07 0.141257876469594 0.080319816351195 1 0.863170380420637 1 1 1 2.06952653307691e-07 6.92833708762206e-10 1.36557489976755e-05 1.13293646842958e-46 0.141308465742491 1 1 1
Lapatinib 1 7.50276691472235e-09 2.95469414365683e-118 1.03932607120332e-48 1 1 0.00569543143706964 1 0.533946039603688 1 1 1 1 1 1 0.000202561367576835 1 1 1 1 1.24918847909842e-06 1 1 1 0.000496828409135572 1 1 1 1 1
LBW242 1 0.726560335192625 1.90236078785343e-21 4.02331895967315e-10 1 1 1 1 3.53074042146413e-06 1 1 1 1 1 0.000523387660590706 0.833151732914157 1 0.0227541930175328 1.4448718331476e-08 1 1.33762601843942e-18 1 1 0.464999857818802 4.231440256089e-05 1 1 1 1 1
Nilotinib 0.000515728835795017 0.00228198724044337 7.20306128811642e-15 1 1 1 1 0.851759534628244 1 1 1.00374671942204e-10 1 0.176427713453144 0.273650877894819 0.755396762647805 0.00420035804460467 0.000359482420664062 0.107642264353925 1 1 1 1 1.31257675564894e-24 2.44226806606573e-37 1 5.11038518756579e-53 1 1 1 0.600711374660518
Nutlin-3 1 0.353018933643968 2.40204759330571e-11 1 1 1 1 1 1 1 3.24997329445269e-08 1 1 1 0.755396762647805 0.000202561367576835 1.11364308918101e-06 1 0.00884956886196651 1 1 1 5.2592351709602e-23 1.54107145621056e-31 0.000121905760944086 2.70019310567289e-17 0.00615279447366181 1 1 1
Paclitaxel 1 0.0614091420245157 1 1.50945819868935e-34 1 1 3.32168364020152e-17 1 1.46091277624375e-92 1 1 1 1 1 1 9.7914210611062e-66 1 1 1 1 1 1 1 1 1 1 1 1 1 1
Panobinostat 1 0.00025716080498156 3.78266112746971e-76 1 1 0.678257278227668 0.389870219068331 1 1 1 1 1 1 1 1 1.96165954725816e-05 1 1 1 1 0.0106476165082788 1 1 1.13001308495098e-06 4.12269012447701e-20 1.00700504499379e-51 1 1 1 1
PD-0325901 1 1 1 1 1 6.54019997326079e-240 1.16090400197219e-07 1 1 1 1 1 1 1 1 1 1 1 1 1 1 1.19332577241514e-83 1 0.3291268284114 7.06552594648624e-55 1 1 1 1 1
PD-0332991 1 0.0139678884144103 0.337707863574365 1 1 2.78084778527666e-19 0.172863287757807 1 0.000109250925312516 1 1 1 1 1 0.467624633820662 0.00149717699598887 1 1 0.48421459794742 1 1.24918847909842e-06 5.97683519320846e-05 0.245666044815685 1.78100727140373e-18 8.73639497635483e-58 1.33643101059644e-23 1 1 1 1
PF2341066 1 0.353018933643968 1 0.225511790226581 1 1.45821172513288e-57 0.389870219068331 1 1 1 0.0813844698056356 1 1 1 0.076131061221492 1.96165954725816e-05 0.207903048470449 7.10302077853678e-05 0.48421459794742 1 1 5.24580887562976e-15 4.32548503092666e-27 0.0858975017966248 4.42252742584066e-22 1.70753829646024e-05 1 0.0210342619195963 0.00192428426697923 1
PHA-665752 1 0.0266713866350916 2.69681766899682e-13 0.225511790226581 1 2.85689825333782e-30 0.0582134606872374 1 0.000109250925312516 1 0.000652619740127683 1 1 0.0199504465362092 0.000810375485160794 0.245670278044477 1 1 0.293882187541154 1 1 3.42479259316011e-06 1 1 2.21818127270508e-134 0.0118754319899405 1 1 1 1
PLX4720 1 1 1 1 1 1 1 1 1 1 1 1 1 1 1 1 1 1 1 1 1 1 0.00830908197611713 0 1 1 1 1 1 1.62515067527645e-104
RAF265 1 1 1 1 1 1 1 1 1 1 1 1 1 1 1 1 1 0.00305850211389887 1 1 1 1 0.000698371356331211 0 1 2.58057898557944e-86 1 0.725400411649777 1 4.79707667718193e-15
Sorafenib 1 0.000678481840872221 0.000114880098975 0.0305800487966977 1 1 1 1 1 1 1.99394614389186e-07 0.217185306524692 1 5.72026793598729e-07 0.000152039289054112 8.59360343630573e-07 0.624153887175625 0.107642264353925 1 1 1 1 3.3365222448806e-11 5.58532853001688e-52 1 3.61265874872434e-91 1 0.290671348982448 1 0.295628810909397
TAE684 1 0.00025716080498156 1.30634713497368e-19 1 1 5.40002973965201e-32 0.00290836072116084 1 1 1 1 1 1 0.000907408499584217 2.13002588843468e-13 0.000202561367576835 1 1 8.3195461261028e-06 1 1 6.26622185020101e-19 1 0.00312361828567548 9.32587173261162e-116 1.86065571513088e-16 1 1 1 1
TKI258 1 0.00509037190626407 2.06316749538771e-18 1 1 1 1 0.351991930267659 1 1 0.051061682479843 0.27215932474731 9.9150183778908e-06 1.0929406753763e-83 3.20123545058905e-06 0.00820885172614636 1.16566466137487e-30 1 1 1 1 1 3.34025322458303e-68 0.221617576408802 1 2.5318627382998e-58 1 1 1 1
Topotecan 1 0.0614091420245157 1.35656455284541e-09 1.31318697737908e-07 1 1 0.389870219068331 0.131093989166456 6.87081068557182e-10 1 1 1 1 1 0.076131061221492 2.41352412845927e-18 0.451042015439041 1 1 1 1 1 1.86434434806482e-18 0.112214524415047 1 6.46440230443656e-48 1 0.222123510819405 1 1
ZD-6474 1 1.55799258698419e-07 1 3.28108240782561e-69 1 1 0.732247470823069 1 1.21031745414872e-134 1 1 1 1 1 1 5.43577504855483e-15 1 1 1 1 1 1 1 1 0.205473485756146 1 1 1 1 1
